{
 "cells": [
  {
   "cell_type": "markdown",
   "id": "38605397",
   "metadata": {},
   "source": [
    "# PCA Reduction for Macros"
   ]
  },
  {
   "cell_type": "markdown",
   "id": "ee07628c",
   "metadata": {},
   "source": [
    "#### 0. Data Preparation"
   ]
  },
  {
   "cell_type": "code",
   "execution_count": 45,
   "id": "e1e75236",
   "metadata": {},
   "outputs": [
    {
     "name": "stdout",
     "output_type": "stream",
     "text": [
      "['Bitcoin', 'Tether', 'Litecoin', 'XRP', 'Ethereum', 'Dogecoin', 'Cardano', 'USD Coin', 'VIX', 'MOVE', 'LFPR', 'CPI', 'r', 'M1', 'GDP', 'IM', 'EX', 'CC', 'CC Monthly % Change', 'Bitcoin Price', 'GDP Monthly', 'vol_LFPR', 'vol_CPI', 'vol_r', 'vol_M1', 'vol_GDP', 'vol_IM', 'vol_EX', 'vol_CC', 'PC1_macro', 'PC2_macro', 'PC1_crypto', 'PC2_crypto', 'PC1_macro.1', 'PC2_macro.1']\n"
     ]
    }
   ],
   "source": [
    "import pandas as pd\n",
    "import numpy as np\n",
    "import statsmodels.api as sm\n",
    "import itertools\n",
    "import warnings\n",
    "import matplotlib.pyplot as plt\n",
    "from statsmodels.tsa.statespace.sarimax import SARIMAX\n",
    "from statsmodels.graphics.tsaplots import plot_acf, plot_pacf\n",
    "from statsmodels.tsa.stattools import adfuller\n",
    "from sklearn.metrics import mean_absolute_error, mean_squared_error, r2_score, mean_absolute_percentage_error\n",
    "from statsmodels.tools.sm_exceptions import ConvergenceWarning\n",
    "from sklearn.preprocessing import StandardScaler\n",
    "from statsmodels.tsa.seasonal import seasonal_decompose\n",
    "from IPython.display import display, HTML\n",
    "# Load data\n",
    "df = pd.read_excel('data/Monthly Mastersheet.xlsx')\n",
    "\n",
    "# Ensure date is datetime and set index\n",
    "df['Month'] = pd.to_datetime(df['Month'])\n",
    "df.set_index('Month', inplace=True)\n",
    "df.index = pd.date_range(start=df.index[0], periods=len(df), freq='MS')\n",
    "df.columns = df.columns.str.strip()\n",
    "print(df.columns.tolist())"
   ]
  },
  {
   "cell_type": "markdown",
   "id": "4d47da7f",
   "metadata": {},
   "source": [
    "## Using Monthly granularity"
   ]
  },
  {
   "cell_type": "markdown",
   "id": "707cfb49",
   "metadata": {},
   "source": [
    "### Find the covariance matrix"
   ]
  },
  {
   "cell_type": "code",
   "execution_count": 46,
   "id": "a43974b6",
   "metadata": {},
   "outputs": [
    {
     "name": "stdout",
     "output_type": "stream",
     "text": [
      "Shape after dropping NA: (89, 8)\n"
     ]
    }
   ],
   "source": [
    "import math\n",
    "\n",
    "# 1. Choose macro variables of interest\n",
    "macro_list = ['LFPR', 'CPI', 'r', 'M1', 'GDP Monthly', 'IM', 'EX', 'CC']\n",
    "\n",
    "# 2. Drop NA rows (remove any month with missing data)\n",
    "macro_df = df[macro_list].dropna()\n",
    "print(\"Shape after dropping NA:\", macro_df.shape)  # should be (months, 8)\n",
    "\n",
    "# 3. Transpose: rows = variables, columns = time (as in original SVD method)\n",
    "data = macro_df.T.values\n",
    "m, n = data.shape"
   ]
  },
  {
   "cell_type": "code",
   "execution_count": 47,
   "id": "324bb93c",
   "metadata": {},
   "outputs": [
    {
     "name": "stdout",
     "output_type": "stream",
     "text": [
      "Covariance matrix S:\n",
      " [[ 3.75628192e-01 -2.83117135e-01  5.67583504e-01 -2.47150777e+03\n",
      "   8.25849181e+01  4.41253966e+01  7.69463467e+01  3.98585674e+00]\n",
      " [-2.83117135e-01  5.96971116e+02  3.52758910e+01  1.33377702e+05\n",
      "   2.84334131e+04  1.09088701e+04  7.68249643e+03 -2.84613843e+02]\n",
      " [ 5.67583504e-01  3.52758910e+01  3.84198264e+00  2.48672924e+03\n",
      "   1.69574394e+03  6.13237990e+02  5.36828173e+02 -8.38992173e+00]\n",
      " [-2.47150777e+03  1.33377702e+05  2.48672924e+03  5.32386920e+07\n",
      "   6.33594524e+06  2.36110082e+06  1.28657326e+06 -9.62596285e+04]\n",
      " [ 8.25849181e+01  2.84334131e+04  1.69574394e+03  6.33594524e+06\n",
      "   1.49913905e+06  5.56907531e+05  3.93434515e+05 -1.20857009e+04]\n",
      " [ 4.41253966e+01  1.09088701e+04  6.13237990e+02  2.36110082e+06\n",
      "   5.56907531e+05  2.43564561e+05  1.71722589e+05 -5.04603754e+03]\n",
      " [ 7.69463467e+01  7.68249643e+03  5.36828173e+02  1.28657326e+06\n",
      "   3.93434515e+05  1.71722589e+05  1.29947849e+05 -3.04393506e+03]\n",
      " [ 3.98585674e+00 -2.84613843e+02 -8.38992173e+00 -9.62596285e+04\n",
      "  -1.20857009e+04 -5.04603754e+03 -3.04393506e+03  2.21668177e+02]]\n",
      "Correlation matrix:\n",
      " [[ 1.         -0.01890647  0.47246863 -0.55267421  0.1100527   0.14588226\n",
      "   0.34827666  0.43680834]\n",
      " [-0.01890647  1.          0.7365863   0.74815724  0.9504546   0.90468224\n",
      "   0.87225037 -0.78239792]\n",
      " [ 0.47246863  0.7365863   1.          0.17387499  0.70658045  0.63393438\n",
      "   0.7597541  -0.28749383]\n",
      " [-0.55267421  0.74815724  0.17387499  1.          0.70921313  0.65568281\n",
      "   0.4891435  -0.88609201]\n",
      " [ 0.1100527   0.9504546   0.70658045  0.70921313  1.          0.92162677\n",
      "   0.89138834 -0.66297814]\n",
      " [ 0.14588226  0.90468224  0.63393438  0.65568281  0.92162677  1.\n",
      "   0.96524115 -0.68673907]\n",
      " [ 0.34827666  0.87225037  0.7597541   0.4891435   0.89138834  0.96524115\n",
      "   1.         -0.5671516 ]\n",
      " [ 0.43680834 -0.78239792 -0.28749383 -0.88609201 -0.66297814 -0.68673907\n",
      "  -0.5671516   1.        ]]\n",
      "Eigenvalues of covariance matrix:\n",
      " [5.41444900e+07 9.20889457e+05 4.44864594e+04 2.22669571e+03\n",
      " 5.78564215e+01 1.54567104e+01 3.72097741e-02 3.24762161e-01]\n",
      "Total variance: 55112166.27528381\n",
      "Recentered data matrix B:\n",
      " [[ 1.10436184e+00  4.48013235e-01  4.48013235e-01  4.48013235e-01\n",
      "   4.48013235e-01  9.40274691e-01  7.76187539e-01  7.76187539e-01\n",
      "   7.76187539e-01  9.40274691e-01  9.40274691e-01  2.83926083e-01\n",
      "   6.12100387e-01  7.76187539e-01  7.76187539e-01  9.40274691e-01\n",
      "   1.10436184e+00  1.10436184e+00  9.40274691e-01  6.12100387e-01\n",
      "   7.76187539e-01  9.40274691e-01  1.10436184e+00  1.10436184e+00\n",
      "   1.26844900e+00  1.43253615e+00  1.43253615e+00  1.43253615e+00\n",
      "   1.43253615e+00  1.43253615e+00  2.83926083e-01 -3.81825272e+00\n",
      "  -2.66964265e+00 -1.52103259e+00 -1.52103259e+00 -1.19285829e+00\n",
      "  -1.68511974e+00 -1.19285829e+00 -1.52103259e+00 -1.52103259e+00\n",
      "  -1.68511974e+00 -1.68511974e+00 -1.52103259e+00 -1.35694544e+00\n",
      "  -1.35694544e+00 -1.19285829e+00 -1.02877113e+00 -1.19285829e+00\n",
      "  -1.19285829e+00 -1.02877113e+00 -8.64683981e-01 -7.00596829e-01\n",
      "  -3.72422525e-01 -3.72422525e-01 -2.08335373e-01 -3.72422525e-01\n",
      "  -2.08335373e-01 -3.72422525e-01 -5.36509677e-01 -2.08335373e-01\n",
      "  -2.08335373e-01 -3.72422525e-01 -5.36509677e-01 -2.08335373e-01\n",
      "  -4.42482208e-02  1.19838931e-01  2.83926083e-01  2.83926083e-01\n",
      "   2.83926083e-01  2.83926083e-01  2.83926083e-01  6.12100387e-01\n",
      "   4.48013235e-01  4.48013235e-01  6.12100387e-01  1.19838931e-01\n",
      "   1.19838931e-01  2.83926083e-01  4.48013235e-01  4.48013235e-01\n",
      "   2.83926083e-01  2.83926083e-01  4.48013235e-01  4.48013235e-01\n",
      "   4.48013235e-01  1.19838931e-01  1.19838931e-01  1.19838931e-01\n",
      "   2.83926083e-01]\n",
      " [-1.25262887e+00 -1.25904985e+00 -1.25880289e+00 -1.26477111e+00\n",
      "  -1.20949302e+00 -1.16322901e+00 -1.14005584e+00 -1.09922497e+00\n",
      "  -1.05633608e+00 -1.03983086e+00 -1.03913114e+00 -1.03336872e+00\n",
      "  -1.02130879e+00 -1.00295136e+00 -1.03781401e+00 -1.07094794e+00\n",
      "  -1.05123222e+00 -1.00743782e+00 -9.48743437e-01 -8.93341867e-01\n",
      "  -8.70950743e-01 -8.68851575e-01 -8.51235028e-01 -8.51770110e-01\n",
      "  -8.43496919e-01 -8.19335908e-01 -8.25016009e-01 -8.34647485e-01\n",
      "  -7.93610810e-01 -7.64510580e-01 -7.87683748e-01 -8.58726177e-01\n",
      "  -8.58520376e-01 -8.00772677e-01 -7.47099834e-01 -7.13471987e-01\n",
      "  -6.98572011e-01 -6.94126714e-01 -7.00671179e-01 -6.90586941e-01\n",
      "  -6.44981488e-01 -5.86040146e-01 -5.09358776e-01 -4.19753117e-01\n",
      "  -3.31629224e-01 -2.28687675e-01 -1.74891351e-01 -1.51677023e-01\n",
      "  -1.21095028e-01 -2.72910331e-02  2.86456184e-02  6.37963913e-02\n",
      "   1.60358116e-01  2.66057396e-01  4.21972065e-01  4.88034115e-01\n",
      "   6.19211531e-01  7.84469556e-01  7.83028951e-01  7.78707134e-01\n",
      "   8.04926153e-01  8.54482981e-01  8.42093774e-01  8.04473392e-01\n",
      "   9.02146441e-01  9.70883901e-01  1.01187942e+00  1.07473097e+00\n",
      "   1.10617733e+00  1.14659661e+00  1.17055182e+00  1.22550062e+00\n",
      "   1.25690582e+00  1.25204892e+00  1.22652963e+00  1.21397578e+00\n",
      "   1.28275440e+00  1.36132914e+00  1.44389641e+00  1.49394716e+00\n",
      "   1.51539160e+00  1.51975458e+00  1.53477803e+00  1.54531503e+00\n",
      "   1.56610091e+00  1.58104205e+00  1.57400366e+00  1.57861360e+00\n",
      "   1.66365048e+00]\n",
      " [-5.89741372e-01 -5.89741372e-01 -5.84610679e-01 -5.12780987e-01\n",
      "  -4.56343372e-01 -4.51212680e-01 -4.05036449e-01 -3.12683988e-01\n",
      "  -3.07553296e-01 -2.45984989e-01 -1.99808758e-01 -1.99808758e-01\n",
      "  -1.79285989e-01 -5.61493740e-02 -5.10186817e-02 -1.51038357e-02\n",
      "   5.15951640e-02  5.15951640e-02  5.67258563e-02  6.18565486e-02\n",
      "   4.64644717e-02  4.13337794e-02  5.15951640e-02 -8.69335277e-02\n",
      "  -1.33109758e-01 -2.40854296e-01 -3.84513680e-01 -3.84513680e-01\n",
      "  -3.84513680e-01 -3.69121603e-01 -8.46275986e-01 -1.15411752e+00\n",
      "  -1.15411752e+00 -1.13872545e+00 -1.13359475e+00 -1.12846406e+00\n",
      "  -1.13359475e+00 -1.13359475e+00 -1.13359475e+00 -1.13359475e+00\n",
      "  -1.13359475e+00 -1.13872545e+00 -1.14385614e+00 -1.14385614e+00\n",
      "  -1.14898683e+00 -1.13872545e+00 -1.12846406e+00 -1.13359475e+00\n",
      "  -1.13872545e+00 -1.13872545e+00 -1.13872545e+00 -1.13872545e+00\n",
      "  -1.13872545e+00 -1.13872545e+00 -1.07715714e+00 -1.01045814e+00\n",
      "  -7.84707678e-01 -5.58957218e-01 -3.17814680e-01  1.56803180e-02\n",
      "   1.33686241e-01  4.00482239e-01  7.59630699e-01  9.23812852e-01\n",
      "   1.04181877e+00  1.16495539e+00  1.20600093e+00  1.29835339e+00\n",
      "   1.41635931e+00  1.42662070e+00  1.44714347e+00  1.55488800e+00\n",
      "   1.55488800e+00  1.55488800e+00  1.55488800e+00  1.55488800e+00\n",
      "   1.55488800e+00  1.55488800e+00  1.55488800e+00  1.55488800e+00\n",
      "   1.55488800e+00  1.55488800e+00  1.55488800e+00  1.55488800e+00\n",
      "   1.45227416e+00  1.29835339e+00  1.20087024e+00  1.11877916e+00\n",
      "   1.04181877e+00]\n",
      " [-1.35905594e+00 -1.34811233e+00 -1.35188884e+00 -1.34597599e+00\n",
      "  -1.34006313e+00 -1.35456272e+00 -1.34250270e+00 -1.33244120e+00\n",
      "  -1.34570033e+00 -1.34390855e+00 -1.33647958e+00 -1.34124846e+00\n",
      "  -1.33937399e+00 -1.33262038e+00 -1.34133116e+00 -1.32065684e+00\n",
      "  -1.33241363e+00 -1.33492212e+00 -1.33279955e+00 -1.31656332e+00\n",
      "  -1.32798933e+00 -1.31914072e+00 -1.31256628e+00 -1.31799674e+00\n",
      "  -1.30840385e+00 -1.30906543e+00 -1.30659830e+00 -1.28793628e+00\n",
      "  -1.30047870e+00 -1.30187077e+00 -1.26139045e+00 -1.18423389e+00\n",
      "   3.72694034e-01  4.27260457e-01  4.61621177e-01  4.75610800e-01\n",
      "   5.14437173e-01  5.35414717e-01  5.79974768e-01  6.23542453e-01\n",
      "   6.43444931e-01  6.60122216e-01  7.20367185e-01  7.79564656e-01\n",
      "   7.89901816e-01  8.08894624e-01  8.31057496e-01  8.59905064e-01\n",
      "   8.86450891e-01  9.08599979e-01  9.41224057e-01  9.88485553e-01\n",
      "   9.86776475e-01  9.82379737e-01  1.01901463e+00  1.03059225e+00\n",
      "   9.86418120e-01  9.84957135e-01  9.78051912e-01  9.66887779e-01\n",
      "   9.46792340e-01  9.18950922e-01  9.02480381e-01  8.92460227e-01\n",
      "   8.52641486e-01  8.11775246e-01  7.82321232e-01  7.41647952e-01\n",
      "   6.96605500e-01  6.90182678e-01  6.76372232e-01  6.60439223e-01\n",
      "   6.48916735e-01  6.33452343e-01  6.29703400e-01  6.44010030e-01\n",
      "   6.31950009e-01  6.18304958e-01  6.42480130e-01  6.46959566e-01\n",
      "   6.21736895e-01  6.35216552e-01  6.31812181e-01  6.40977796e-01\n",
      "   6.50487983e-01  6.55339557e-01  6.79349334e-01  7.03496940e-01\n",
      "   6.99775563e-01]\n",
      " [-1.42129482e+00 -1.40956171e+00 -1.28244253e+00 -1.23061893e+00\n",
      "  -1.20640035e+00 -1.13412574e+00 -1.18356166e+00 -1.13934219e+00\n",
      "  -1.06033983e+00 -1.06220103e+00 -9.97606116e-01 -9.70482397e-01\n",
      "  -9.84093949e-01 -9.80047116e-01 -9.61891809e-01 -9.39477760e-01\n",
      "  -8.48179666e-01 -8.88289061e-01 -8.32569749e-01 -7.76712449e-01\n",
      "  -7.39274933e-01 -6.32587868e-01 -5.44617918e-01 -5.21151708e-01\n",
      "  -4.88872323e-01 -4.71929341e-01 -3.65884578e-01 -3.66455422e-01\n",
      "  -3.87908483e-01 -3.48750221e-01 -1.18727091e+00 -2.66601092e+00\n",
      "  -2.03119943e+00 -1.25847776e+00 -9.04398363e-01 -7.74562954e-01\n",
      "  -5.98813610e-01 -4.97581186e-01 -6.73519443e-01 -5.57237268e-01\n",
      "  -2.93481834e-01 -5.43221608e-01 -1.84888396e-01 -8.82243678e-02\n",
      "  -8.33200368e-02 -3.54151289e-02  5.56078101e-02  5.39051341e-02\n",
      "   1.32909135e-01  3.50086155e-01  3.54516563e-01  4.96409513e-01\n",
      "   3.42093517e-01  3.05764013e-01  4.13775108e-01  3.86666995e-01\n",
      "   3.78152794e-01  3.34620798e-01  3.82719546e-01  5.82018879e-01\n",
      "   4.98314244e-01  6.18912656e-01  6.42804330e-01  6.51424486e-01\n",
      "   7.71270534e-01  7.15572578e-01  8.05715021e-01  8.02762237e-01\n",
      "   9.01400811e-01  9.23638269e-01  9.99466077e-01  1.10905418e+00\n",
      "   1.11442094e+00  1.08233046e+00  1.19504712e+00  1.38816080e+00\n",
      "   1.21912606e+00  1.33302137e+00  1.34254995e+00  1.38820926e+00\n",
      "   1.45863664e+00  1.46762394e+00  1.58236443e+00  1.59215009e+00\n",
      "   1.57466337e+00  1.68701863e+00  1.73610876e+00  1.67610360e+00\n",
      "   1.70717805e+00]\n",
      " [-1.12742909e+00 -8.87013638e-01 -8.87013638e-01 -8.87013638e-01\n",
      "  -7.66186443e-01 -7.66186443e-01 -7.66186443e-01 -7.40315424e-01\n",
      "  -7.40315424e-01 -7.40315424e-01 -6.43009746e-01 -6.43009746e-01\n",
      "  -6.43009746e-01 -6.06585324e-01 -6.06585324e-01 -6.06585324e-01\n",
      "  -6.86225922e-01 -6.86225922e-01 -6.86225922e-01 -6.19243702e-01\n",
      "  -6.19243702e-01 -6.19243702e-01 -7.15950288e-01 -7.15950288e-01\n",
      "  -7.15950288e-01 -8.52739021e-01 -8.52739021e-01 -8.52739021e-01\n",
      "  -1.09943679e+00 -1.09943679e+00 -1.09943679e+00 -2.27894210e+00\n",
      "  -2.27894210e+00 -2.27894210e+00 -1.36083067e+00 -1.36083067e+00\n",
      "  -1.36083067e+00 -9.00880390e-01 -9.00880390e-01 -9.00880390e-01\n",
      "  -5.95663092e-01 -5.95663092e-01 -5.95663092e-01 -2.63244137e-01\n",
      "  -2.63244137e-01 -2.63244137e-01 -2.14287677e-02 -2.14287677e-02\n",
      "  -2.14287677e-02  4.41488447e-01  4.41488447e-01  4.41488447e-01\n",
      "   9.30107550e-01  9.30107550e-01  9.30107550e-01  1.27228519e+00\n",
      "   1.27228519e+00  1.27228519e+00  1.05788340e+00  1.05788340e+00\n",
      "   1.05788340e+00  8.72358284e-01  8.72358284e-01  8.72358284e-01\n",
      "   8.25099253e-01  8.25099253e-01  8.25099253e-01  6.71847700e-01\n",
      "   6.71847700e-01  6.71847700e-01  7.61770683e-01  7.61770683e-01\n",
      "   7.61770683e-01  8.42805088e-01  8.42805088e-01  8.42805088e-01\n",
      "   1.01415780e+00  1.01415780e+00  1.01415780e+00  1.20611807e+00\n",
      "   1.20611807e+00  1.20611807e+00  1.41556206e+00  1.41556206e+00\n",
      "   1.41556206e+00  1.36877170e+00  1.36877170e+00  1.36877170e+00\n",
      "   2.19974981e+00]\n",
      " [-5.01661912e-01 -6.58988462e-01 -6.58988462e-01 -6.58988462e-01\n",
      "  -5.52527872e-01 -5.52527872e-01 -5.52527872e-01 -4.27255833e-01\n",
      "  -4.27255833e-01 -4.27255833e-01 -5.01661912e-01 -5.01661912e-01\n",
      "  -5.01661912e-01 -4.96322283e-01 -4.96322283e-01 -4.96322283e-01\n",
      "  -4.88430011e-01 -4.88430011e-01 -4.88430011e-01 -4.68332474e-01\n",
      "  -4.68332474e-01 -4.68332474e-01 -5.10299054e-01 -5.10299054e-01\n",
      "  -5.10299054e-01 -4.96180004e-01 -4.96180004e-01 -4.96180004e-01\n",
      "  -8.34537819e-01 -8.34537819e-01 -8.34537819e-01 -2.51336839e+00\n",
      "  -2.51336839e+00 -2.51336839e+00 -1.70243112e+00 -1.70243112e+00\n",
      "  -1.70243112e+00 -1.24544372e+00 -1.24544372e+00 -1.24544372e+00\n",
      "  -9.32059971e-01 -9.32059971e-01 -9.32059971e-01 -5.86663555e-01\n",
      "  -5.86663555e-01 -5.86663555e-01 -4.05130130e-01 -4.05130130e-01\n",
      "  -4.05130130e-01  1.39592893e-01  1.39592893e-01  1.39592893e-01\n",
      "   3.72087131e-01  3.72087131e-01  3.72087131e-01  9.93796774e-01\n",
      "   9.93796774e-01  9.93796774e-01  1.08027700e+00  1.08027700e+00\n",
      "   1.08027700e+00  9.24518301e-01  9.24518301e-01  9.24518301e-01\n",
      "   9.63139941e-01  9.63139941e-01  9.63139941e-01  7.81698579e-01\n",
      "   7.81698579e-01  7.81698579e-01  9.67266018e-01  9.67266018e-01\n",
      "   9.67266018e-01  1.05014185e+00  1.05014185e+00  1.05014185e+00\n",
      "   1.14408193e+00  1.14408193e+00  1.14408193e+00  1.22470642e+00\n",
      "   1.22470642e+00  1.22470642e+00  1.40875064e+00  1.40875064e+00\n",
      "   1.40875064e+00  1.41052773e+00  1.41052773e+00  1.41052773e+00\n",
      "   1.57880414e+00]\n",
      " [ 1.06062975e+00  1.43888940e+00  1.29028739e+00  1.11466684e+00\n",
      "   1.10115757e+00  1.37134303e+00  1.48617185e+00  1.31055130e+00\n",
      "   1.25651421e+00  1.27002348e+00  1.24975957e+00  1.13493075e+00\n",
      "   1.39836158e+00  1.29704203e+00  1.22274102e+00  1.27677812e+00\n",
      "   7.97198915e-01  9.72819468e-01  1.28353275e+00  1.20247711e+00\n",
      "   1.39160694e+00  1.27002348e+00  1.28353275e+00  7.02634002e-01\n",
      "   9.32291649e-01  1.08764829e+00  1.17545857e+00  1.34432448e+00\n",
      "   1.37809767e+00  1.45915331e+00  6.55351546e-01 -5.13200596e-01\n",
      "  -4.79427413e-01 -8.76584870e-02 -4.65918140e-01 -3.57843953e-01\n",
      "   6.76981562e-02  1.62263069e-01 -1.68714127e-01  8.79620662e-02\n",
      "  -2.68667570e-02 -1.75468764e-01  3.71656806e-01  6.01314452e-01\n",
      "   2.36564073e-01  4.12184626e-01  1.21735249e-01 -6.14520146e-01\n",
      "  -4.45654230e-01 -5.19955233e-01 -8.10404609e-01 -5.94256236e-01\n",
      "  -8.23913883e-01 -1.12111790e+00 -1.35077554e+00 -9.59006616e-01\n",
      "  -1.41832191e+00 -1.98571139e+00 -1.88439184e+00 -1.43183118e+00\n",
      "  -1.40481264e+00 -1.31700236e+00 -1.53315073e+00 -1.32375700e+00\n",
      "  -9.79270526e-01 -8.44177793e-01 -1.17515499e+00 -1.06032617e+00\n",
      "  -1.37779409e+00 -1.02655298e+00 -5.33464506e-01 -6.75311876e-01\n",
      "  -7.83386063e-01 -1.05357153e+00 -1.22243745e+00 -6.55047966e-01\n",
      "  -2.68667570e-02 -1.68714127e-01  1.51789588e-04 -1.48450217e-01\n",
      "  -6.95575786e-01 -7.56367516e-01 -8.77950976e-01 -7.76631426e-01\n",
      "  -6.28029420e-01 -6.01010873e-01 -5.13200596e-01 -3.64598590e-01\n",
      "  -5.19955233e-01]]\n",
      "Transformed data (y = P^T x):\n",
      " [[-11664.17826614 -11720.42097625 -11776.65222637 -11817.85810151\n",
      "  -11884.48051494 -11885.76512716 -11889.0601122  -11959.84140642\n",
      "  -11969.09025718 -11972.54695159 -12032.2004568  -12035.25001063\n",
      "  -12031.61076442 -12058.63044467 -12047.1425015  -12107.07252873\n",
      "  -12113.08662411 -12086.34858915 -12118.6816011  -12203.01006056\n",
      "  -12194.08893262 -12269.85763435 -12304.66733415 -12306.50657962\n",
      "  -12344.57896822 -12325.32216546 -12384.36707758 -12427.49712844\n",
      "  -12288.95016859 -12305.39376746 -11980.03344471 -10940.9781921\n",
      "  -14964.71234323 -15484.87959751 -16049.8473306  -16148.74705812\n",
      "  -16328.16963024 -16587.09563758 -16605.45031111 -16766.80711791\n",
      "  -17055.30098459 -16969.68955832 -17292.64288415 -17598.62692485\n",
      "  -17628.44753613 -17698.07874515 -17873.74679951 -17945.44066458\n",
      "  -18048.07564274 -18383.44156589 -18465.31061843 -18648.90119823\n",
      "  -18700.74767137 -18674.47027013 -18819.15607864 -18989.44122752\n",
      "  -18883.90488876 -18863.07306117 -18839.57570987 -18911.94443922\n",
      "  -18821.92580394 -18757.3739637  -18731.50371211 -18710.6996827\n",
      "  -18672.05463156 -18546.74397976 -18524.53872689 -18369.60497549\n",
      "  -18314.51926136 -18309.16721097 -18357.15646787 -18376.18790143\n",
      "  -18352.38168217 -18328.85724044 -18377.68607869 -18506.611425\n",
      "  -18437.81325185 -18464.64758612 -18526.96107504 -18612.36082983\n",
      "  -18591.08655397 -18628.04791347 -18747.49225259 -18773.84342008\n",
      "  -18786.99141263 -18846.20132164 -18927.60579466 -18953.84543109\n",
      "  -19154.50908759]\n",
      " [   490.92693758    454.73483277    475.08199756    459.18841976\n",
      "     455.19405093    508.01819369    466.79535651    448.34463171\n",
      "     495.77747746    490.14507439    468.64287659    484.82714448\n",
      "     479.46515857    459.71334497    488.25462351    424.72478772\n",
      "     463.87644708    469.86470622    468.73956676    424.77433698\n",
      "     464.76251962    443.81575438    422.53747352    438.22116923\n",
      "     411.40067334    411.72559394    411.91643778    353.62169108\n",
      "     355.4999176     363.17499262    169.21248606   -369.75241026\n",
      "   -5259.17373322  -5373.8564691   -5359.95945937  -5394.23621536\n",
      "   -5502.57760578  -5507.17251884  -5663.04052381  -5791.39937698\n",
      "   -5799.57997808  -5871.28540778  -6033.4552163   -6172.69778197\n",
      "   -6207.10678924  -6262.87844369  -6304.5246483   -6400.13464453\n",
      "   -6477.70067224  -6471.46377036  -6576.08082662  -6714.46054997\n",
      "   -6684.65429495  -6674.96622275  -6784.48686243  -6758.03196282\n",
      "   -6620.87126077  -6622.37560705  -6597.0781814   -6544.48777809\n",
      "   -6486.59072569  -6408.44900979  -6355.46012038  -6321.673712\n",
      "   -6183.38387476  -6056.97956773  -5958.79215986  -5849.72881628\n",
      "   -5701.44280794  -5677.59624341  -5607.31235612  -5549.4575071\n",
      "   -5513.19976134  -5458.24918264  -5439.06447464  -5467.64492187\n",
      "   -5424.39049524  -5373.63648662  -5448.6429993   -5446.84058073\n",
      "   -5364.8113065   -5407.22494181  -5366.16259007  -5393.9735667\n",
      "   -5424.67186063  -5433.61301111  -5505.79018887  -5585.93866812\n",
      "   -5528.9310645 ]\n",
      " [ -3056.27026733  -3095.58792411  -3099.88496681  -3105.69939306\n",
      "   -3146.29089069  -3141.78638037  -3145.84531632  -3172.20932576\n",
      "   -3168.5312363   -3169.29421612  -3188.67218493  -3187.17463878\n",
      "   -3187.60729463  -3199.39155315  -3195.59114051  -3208.51906706\n",
      "   -3190.64157972  -3187.01424247  -3190.80817666  -3218.33058624\n",
      "   -3213.84029119  -3224.22284027  -3207.84011372  -3205.95286031\n",
      "   -3213.12999858  -3187.07598738  -3194.15199687  -3204.71533605\n",
      "   -3108.85458813  -3109.91896721  -3090.10466855  -2632.45421907\n",
      "   -3538.26742032  -3608.3391265   -3922.32430673  -3936.70644881\n",
      "   -3967.45939035  -4128.8247861   -4144.67151472  -4175.09149318\n",
      "   -4296.24499067  -4292.46463869  -4344.37466871  -4488.07487309\n",
      "   -4493.47648173  -4506.08062327  -4592.25897294  -4607.8836247\n",
      "   -4626.7090118   -4804.12538874  -4822.23987931  -4855.91071965\n",
      "   -4972.4066323   -4967.36222518  -4992.38070982  -5135.04912647\n",
      "   -5108.60163103  -5104.02059026  -5067.44244705  -5071.13973774\n",
      "   -5055.28718368  -4990.0400244   -4981.44043333  -4976.38368902\n",
      "   -4954.06117929  -4927.81759487  -4915.4972795   -4840.84283464\n",
      "   -4820.12856176  -4817.56591232  -4852.37537408  -4848.56483987\n",
      "   -4842.12131929  -4857.40716769  -4861.16108183  -4879.25656637\n",
      "   -4909.24305511  -4906.92879964  -4920.60870024  -4973.40922506\n",
      "   -4962.47262779  -4970.44069876  -5037.39584324  -5043.01887294\n",
      "   -5047.55644298  -5046.64900014  -5062.84025528  -5073.47873735\n",
      "   -5262.09793741]\n",
      " [ 11042.82518293  11085.64636117  11156.74027119  11200.16937363\n",
      "   11222.42833418  11240.74617376  11236.19346738  11277.18602129\n",
      "   11298.78807851  11301.54849089  11361.80910906  11367.73749202\n",
      "   11366.01082849  11381.41505447  11373.62978137  11432.13591225\n",
      "   11459.51712277  11430.78147366  11474.28916776  11542.24042612\n",
      "   11544.01223629  11629.12145949  11701.3086704   11698.18615253\n",
      "   11741.5794467   11752.11652766  11825.70776675  11866.71108344\n",
      "   11844.56417853  11867.45674277  11411.42609145  10709.46022475\n",
      "   14406.22802728  15016.95673284  15268.03867117  15381.35293066\n",
      "   15580.01828646  15665.90000766  15644.66416325  15813.60897402\n",
      "   16005.7359737   15880.76318396  16242.13016425  16413.4774268\n",
      "   16434.47759007  16507.21187635  16599.19209334  16650.86769366\n",
      "   16759.16563953  16914.94893328  16983.55937122  17176.15199176\n",
      "   17059.6959256   17024.12444294  17167.86070069  17147.47696507\n",
      "   17043.60270183  17006.69625581  17019.50852525  17127.53898854\n",
      "   17032.18590874  17059.11119811  17036.9632359   17023.49477289\n",
      "   17017.47670305  16897.25134243  16888.52221849  16811.43480186\n",
      "   16775.27651679  16779.84812991  16794.8172709   16829.17365833\n",
      "   16807.05740094  16746.58136328  16808.29693513  16967.68844213\n",
      "   16837.03330777  16879.03412199  16938.24208997  16970.83357154\n",
      "   16956.09809072  16989.64017863  17044.35333803  17071.11829895\n",
      "   17081.84864161  17163.82124965  17246.78731445  17261.43808228\n",
      "   17262.38007751]\n",
      " [  5199.92762501   5204.16452794   5241.8022009    5278.06622626\n",
      "    5264.02668099   5250.18125181   5264.25435463   5286.76282311\n",
      "    5280.05146693   5284.25262193   5318.77006169   5316.05628096\n",
      "    5315.09385504   5327.35695405   5310.57684377   5375.43928148\n",
      "    5394.67165693   5372.07314887   5397.21186201   5446.21354022\n",
      "    5428.06591866   5492.64782451   5569.02946184   5565.42114993\n",
      "    5602.81181548   5632.97790967   5678.88728211   5729.10985551\n",
      "    5783.15304785   5793.55429935   5595.36051252   5729.80581757\n",
      "   10234.81185931  10670.91091055  10599.77369199  10686.11950912\n",
      "   10855.99652215  10794.41193     10852.35764973  11013.99340025\n",
      "   11061.94706722  11015.26131716  11311.54506008  11393.65990092\n",
      "   11425.36246041  11494.52080118  11516.09907923  11597.66763004\n",
      "   11699.12412667  11672.03108708  11764.4088296   11945.93286245\n",
      "   11752.71660226  11728.3660182   11869.99765879  11735.26736787\n",
      "   11612.93878401  11594.99679367  11625.92702541  11667.65952267\n",
      "   11581.24071095  11608.61399736  11573.18124279  11548.12474926\n",
      "   11486.61704733  11353.25687599  11307.55009873  11250.51373313\n",
      "   11165.11005442  11154.24260768  11098.85411371  11096.68023685\n",
      "   11067.48370804  10986.40402096  11018.91326539  11127.43615683\n",
      "   10980.64966668  10986.29980334  11055.41231557  11034.862878\n",
      "   10994.24666229  11034.80945323  11000.75007567  11029.07849365\n",
      "   11048.0009079   11112.33466403  11196.08152946  11239.29962532\n",
      "   11047.39836749]\n",
      " [ -4944.2752412   -4902.91962977  -4982.01735765  -4979.74512123\n",
      "   -4953.17322953  -5055.30843532  -4975.40749628  -4940.66689238\n",
      "   -5040.99244037  -5031.87728966  -5031.1842024   -5066.78226064\n",
      "   -5051.02511246  -5020.47689898  -5069.48497713  -4983.57329404\n",
      "   -5085.17185255  -5077.64716398  -5094.58905294  -5043.40094163\n",
      "   -5114.40251729  -5124.90429146  -5142.72892516  -5180.69089454\n",
      "   -5151.21284519  -5165.31533078  -5204.72201191  -5117.15281416\n",
      "   -5197.7820988   -5223.25615819  -4633.24615965  -3723.30605946\n",
      "    3212.47863754   3094.5487794    3168.99376149   3171.42411576\n",
      "    3268.16301446   3364.32515274   3655.58025688   3802.69880608\n",
      "    3799.52151755   3996.27714058   4104.31597358   4367.77670311\n",
      "    4411.62164228   4476.0952278    4554.49713952   4687.527586\n",
      "    4772.97869954   4823.92419793   4972.21344723   5123.80278304\n",
      "    5219.78077666   5214.89844929   5330.97830995   5454.03214555\n",
      "    5250.24686323   5261.31437213   5206.72608716   5060.17947696\n",
      "    5006.84383173   4802.19221246   4713.97648027   4664.26981588\n",
      "    4422.61274477   4258.94527437   4077.35950155   3871.31633741\n",
      "    3613.32641023   3573.07742291   3489.56066801   3361.81818009\n",
      "    3305.01961077   3256.46785181   3184.69403218   3159.6823045\n",
      "    3197.47523391   3077.94095736   3185.21026334   3194.62923019\n",
      "    3041.90998303   3100.08753142   3048.25152762   3086.27590448\n",
      "    3138.94905539   3105.98104631   3194.23460706   3335.65958878\n",
      "    3338.31753364]\n",
      " [ -9427.91401943  -9436.14802302  -9523.57447753  -9546.95311842\n",
      "   -9556.70362384  -9625.50247385  -9572.71937778  -9581.78162963\n",
      "   -9653.98696088  -9649.39661411  -9686.26706509  -9712.00605386\n",
      "   -9698.98426313  -9692.37812953  -9719.71526234  -9698.73409508\n",
      "   -9772.37072697  -9749.9132618   -9779.37708566  -9790.24382225\n",
      "   -9832.46476282  -9885.11421874  -9923.52669297  -9949.7574486\n",
      "   -9952.67496943  -9953.66525799 -10016.22538494  -9983.34448102\n",
      "   -9982.51028367 -10008.87371209  -9412.19409918  -8313.54229678\n",
      "   -6038.50362878  -6430.89449055  -6637.908468    -6694.96637605\n",
      "   -6737.64044949  -6784.67058499  -6598.14063036  -6595.69351822\n",
      "   -6740.62951332  -6553.50705372  -6673.25137647  -6643.92991843\n",
      "   -6629.03325905  -6624.23325648  -6655.63885206  -6607.24045208\n",
      "   -6610.43120003  -6725.72014612  -6672.49288869  -6679.5836699\n",
      "   -6611.53666415  -6595.337484    -6598.78125322  -6566.20670591\n",
      "   -6636.1803189   -6610.41290622  -6635.35774838  -6779.132547\n",
      "   -6760.22089591  -6874.64455295  -6919.21642125  -6941.82082682\n",
      "   -7078.84483876  -7112.20010626  -7220.31733309  -7281.15554837\n",
      "   -7421.6076314   -7444.74145054  -7515.49626074  -7611.75025913\n",
      "   -7634.80936185  -7645.53381335  -7724.30787917  -7820.08404711\n",
      "   -7739.74935937  -7834.35899929  -7796.75572393  -7828.69089969\n",
      "   -7918.2086652   -7900.86496015  -7988.98465038  -7978.86845203\n",
      "   -7950.52230877  -8009.58785127  -7999.13504665  -7919.0264766\n",
      "   -7996.97137797]\n",
      " [ -3062.01175172  -2943.72683285  -2970.98899105  -2980.52637828\n",
      "   -2971.14712906  -2989.11614212  -2976.21569362  -3006.06900528\n",
      "   -3025.25908168  -3024.43550268  -2985.67101216  -2992.38275968\n",
      "   -2989.0685399   -2977.78152379  -2983.47719202  -2983.76548698\n",
      "   -3033.41236569  -3025.50883022  -3036.52043415  -3027.64417973\n",
      "   -3037.79219248  -3058.10103822  -3096.23071113  -3102.37737005\n",
      "   -3107.00384204  -3159.1133378   -3180.67548973  -3176.57820139\n",
      "   -3171.07989756  -3179.45910763  -2996.77609805  -2640.76632296\n",
      "   -2441.36078036  -2590.23389769  -2557.81434611  -2581.74708344\n",
      "   -2609.99597591  -2589.77753985  -2543.77923665  -2558.64241824\n",
      "   -2587.36792892  -2531.79881481  -2593.29962387  -2577.84046505\n",
      "   -2576.56668281  -2582.2825841   -2562.40912379  -2555.98937671\n",
      "   -2566.70100852  -2591.24185405  -2585.15537531  -2604.51155305\n",
      "   -2470.24519718  -2463.49186448  -2477.91084775  -2512.84167203\n",
      "   -2520.25549185  -2511.27887178  -2614.81681202  -2658.49183201\n",
      "   -2645.28511103  -2698.13111026  -2706.58497831  -2710.48165974\n",
      "   -2768.84091818  -2765.78273871  -2790.7560587   -2803.59994219\n",
      "   -2833.66649698  -2839.54359922  -2875.05118253  -2901.11593921\n",
      "   -2904.65999539  -2895.43706756  -2919.73127419  -2956.83493258\n",
      "   -2891.24963912  -2917.72179106  -2914.38913913  -2879.96656995\n",
      "   -2900.03347045  -2899.03498303  -2900.8469463   -2900.90095245\n",
      "   -2895.20956012  -2933.40147965  -2938.52419208  -2920.8956506\n",
      "   -2697.05762623]]\n",
      "The first principle component is \n",
      " [-0.01149886 -0.42525026 -0.30555322 -0.32772626 -0.41645064 -0.41240956\n",
      " -0.39717342  0.34205732] \n",
      "\n",
      "The second principle component is \n",
      " [ 0.68051047 -0.0134528   0.39196062 -0.43695311  0.05924217  0.07384095\n",
      "  0.22727905  0.362692  ] \n",
      "\n",
      "The covariance matrix, D, of the transformed data is the diagonal matrix of the eigenvalues, which is \n",
      " [[5.4144490e+07 0.0000000e+00 0.0000000e+00 0.0000000e+00 0.0000000e+00\n",
      "  0.0000000e+00 0.0000000e+00 0.0000000e+00]\n",
      " [0.0000000e+00 9.2088946e+05 0.0000000e+00 0.0000000e+00 0.0000000e+00\n",
      "  0.0000000e+00 0.0000000e+00 0.0000000e+00]\n",
      " [0.0000000e+00 0.0000000e+00 4.4486460e+04 0.0000000e+00 0.0000000e+00\n",
      "  0.0000000e+00 0.0000000e+00 0.0000000e+00]\n",
      " [0.0000000e+00 0.0000000e+00 0.0000000e+00 2.2267000e+03 0.0000000e+00\n",
      "  0.0000000e+00 0.0000000e+00 0.0000000e+00]\n",
      " [0.0000000e+00 0.0000000e+00 0.0000000e+00 0.0000000e+00 5.7860000e+01\n",
      "  0.0000000e+00 0.0000000e+00 0.0000000e+00]\n",
      " [0.0000000e+00 0.0000000e+00 0.0000000e+00 0.0000000e+00 0.0000000e+00\n",
      "  1.5460000e+01 0.0000000e+00 0.0000000e+00]\n",
      " [0.0000000e+00 0.0000000e+00 0.0000000e+00 0.0000000e+00 0.0000000e+00\n",
      "  0.0000000e+00 4.0000000e-02 0.0000000e+00]\n",
      " [0.0000000e+00 0.0000000e+00 0.0000000e+00 0.0000000e+00 0.0000000e+00\n",
      "  0.0000000e+00 0.0000000e+00 3.2000000e-01]] \n",
      "\n",
      "The total variance is \n",
      " 55112166.27528381 \n",
      "\n"
     ]
    }
   ],
   "source": [
    "# 4. Covariance matrix\n",
    "S = np.cov(data)\n",
    "print(\"Covariance matrix S:\\n\", S)\n",
    "\n",
    "# 5. Correlation matrix\n",
    "print(\"Correlation matrix:\\n\", np.corrcoef(data))\n",
    "\n",
    "# 6. Eigenvalues (for total variance)\n",
    "eigvals = np.linalg.eigvals(S)\n",
    "print(\"Eigenvalues of covariance matrix:\\n\", eigvals)\n",
    "print(\"Total variance:\", np.sum(eigvals))\n",
    "\n",
    "# 7. Recentered data matrix B\n",
    "recentered_data = StandardScaler().fit_transform(data.T).T\n",
    "print(\"Recentered data matrix B:\\n\", recentered_data)\n",
    "\n",
    "# 8. SVD of transposed recentered data\n",
    "u, s, Pt = np.linalg.svd(recentered_data.T)\n",
    "P = Pt.T  # P contains eigenvectors (principal directions)\n",
    "\n",
    "# 9. Transform data: PC scores\n",
    "transformed_data = Pt @ data\n",
    "print(\"Transformed data (y = P^T x):\\n\", transformed_data)\n",
    "\n",
    "# get the principle components, which are the columns of P\n",
    "print('The first principle component is \\n', P[:,0], '\\n')\n",
    "print('The second principle component is \\n', P[:,1], '\\n')\n",
    "\n",
    "# getting the covariance matrix of the transformed data\n",
    "D = np.matrix.round(np.diag(eigvals), decimals=2)\n",
    "print('The covariance matrix, D, of the transformed data is the diagonal matrix of the eigenvalues, which is \\n', D, '\\n')\n",
    "\n",
    "# get the total variance of the transformed data\n",
    "print('The total variance is \\n', np.sum(eigvals), '\\n')\n",
    "\n",
    "# calculate the % of total variance --> this is wrong\n",
    "#var_list = [ eigvals[0], eigvals[1], eigvals[2], eigvals[3], eigvals[4] ]/np.sum(eigvals)*100\n",
    "#print('The percentage of total variance covered by deuterium, CO2, CH4, dust, and calcium, respectively, are \\n', var_list)"
   ]
  },
  {
   "cell_type": "markdown",
   "id": "f2ae7f4d",
   "metadata": {},
   "source": [
    "### Rank-1 approximation"
   ]
  },
  {
   "cell_type": "code",
   "execution_count": 48,
   "id": "b099ce1d",
   "metadata": {},
   "outputs": [
    {
     "name": "stdout",
     "output_type": "stream",
     "text": [
      "Correlation between original and rank-1 approx for LFPR: -0.3916\n",
      "Correlation between original and rank-1 approx for CPI: 0.8562\n",
      "Correlation between original and rank-1 approx for r: 0.3374\n",
      "Correlation between original and rank-1 approx for M1: 0.9786\n",
      "Correlation between original and rank-1 approx for GDP Monthly: 0.8355\n",
      "Correlation between original and rank-1 approx for IM: 0.7888\n",
      "Correlation between original and rank-1 approx for EX: 0.6514\n",
      "Correlation between original and rank-1 approx for CC: 0.8872\n"
     ]
    }
   ],
   "source": [
    "# 10. Rank-1 approximation\n",
    "k = 1\n",
    "P_trunc = P[:, :k]                    # first k eigenvectors\n",
    "transformed_trunc = transformed_data[:k, :]  # first k PC scores\n",
    "approx1 = P_trunc @ transformed_trunc\n",
    "\n",
    "# 11. Evaluate: correlation between original and approx1 for each macro\n",
    "for i, macro in enumerate(macro_list):\n",
    "    corr = np.corrcoef(approx1[i], data[i])[0, 1]\n",
    "    print(f\"Correlation between original and rank-1 approx for {macro}: {corr:.4f}\")"
   ]
  },
  {
   "cell_type": "markdown",
   "id": "fe79a1d2",
   "metadata": {},
   "source": [
    "### Rank-2 approximation"
   ]
  },
  {
   "cell_type": "code",
   "execution_count": 49,
   "id": "c78a48ae",
   "metadata": {},
   "outputs": [
    {
     "name": "stdout",
     "output_type": "stream",
     "text": [
      "Correlation between original and rank-1 approx for LFPR: 0.5894\n",
      "Correlation between original and rank-1 approx for CPI: 0.8528\n",
      "Correlation between original and rank-1 approx for r: 0.3828\n",
      "Correlation between original and rank-1 approx for M1: 0.9981\n",
      "Correlation between original and rank-1 approx for GDP Monthly: 0.8569\n",
      "Correlation between original and rank-1 approx for IM: 0.8191\n",
      "Correlation between original and rank-1 approx for EX: 0.8479\n",
      "Correlation between original and rank-1 approx for CC: 0.8905\n"
     ]
    }
   ],
   "source": [
    "# 10. Rank-1 approximation\n",
    "k = 2\n",
    "P_trunc = P[:, :k]                    # first k eigenvectors\n",
    "transformed_trunc = transformed_data[:k, :]  # first k PC scores\n",
    "approx1 = P_trunc @ transformed_trunc\n",
    "\n",
    "# 11. Evaluate: correlation between original and approx1 for each macro\n",
    "for i, macro in enumerate(macro_list):\n",
    "    corr = np.corrcoef(approx1[i], data[i])[0, 1]\n",
    "    print(f\"Correlation between original and rank-1 approx for {macro}: {corr:.4f}\")"
   ]
  },
