{
 "cells": [
  {
   "cell_type": "markdown",
   "id": "38605397",
   "metadata": {},
   "source": [
    "# PCA Reduction for Macros"
   ]
  },
  {
   "cell_type": "markdown",
   "id": "ee07628c",
   "metadata": {},
   "source": [
    "#### 0. Data Preparation"
   ]
  },
  {
   "cell_type": "code",
   "execution_count": 1,
   "id": "e1e75236",
   "metadata": {},
   "outputs": [
    {
     "name": "stdout",
     "output_type": "stream",
     "text": [
      "['Bitcoin', 'Tether', 'Litecoin', 'XRP', 'Ethereum', 'Dogecoin', 'Cardano', 'USD Coin', 'VIX', 'MOVE', 'LFPR', 'CPI', 'r', 'M1', 'GDP', 'IM', 'EX', 'CC', 'CC Monthly % Change', 'Bitcoin Price', 'GDP Monthly', 'vol_LFPR', 'vol_CPI', 'vol_r', 'vol_M1', 'vol_GDP', 'vol_IM', 'vol_EX', 'vol_CC']\n"
     ]
    }
   ],
   "source": [
    "import pandas as pd\n",
    "import numpy as np\n",
    "import statsmodels.api as sm\n",
    "import itertools\n",
    "import warnings\n",
    "import matplotlib.pyplot as plt\n",
    "from statsmodels.tsa.statespace.sarimax import SARIMAX\n",
    "from statsmodels.graphics.tsaplots import plot_acf, plot_pacf\n",
    "from statsmodels.tsa.stattools import adfuller\n",
    "from sklearn.metrics import mean_absolute_error, mean_squared_error, r2_score, mean_absolute_percentage_error\n",
    "from statsmodels.tools.sm_exceptions import ConvergenceWarning\n",
    "from sklearn.preprocessing import StandardScaler\n",
    "from statsmodels.tsa.seasonal import seasonal_decompose\n",
    "from IPython.display import display, HTML\n",
    "# Load data\n",
    "df = pd.read_excel('data/Monthly Mastersheet.xlsx')\n",
    "\n",
    "# Ensure date is datetime and set index\n",
    "df['Month'] = pd.to_datetime(df['Month'])\n",
    "df.set_index('Month', inplace=True)\n",
    "df.index = pd.date_range(start=df.index[0], periods=len(df), freq='MS')\n",
    "df.columns = df.columns.str.strip()\n",
    "print(df.columns.tolist())"
   ]
  },
  {
   "cell_type": "markdown",
   "id": "4d47da7f",
   "metadata": {},
   "source": [
    "## Using Monthly granularity"
   ]
  },
  {
   "cell_type": "markdown",
   "id": "707cfb49",
   "metadata": {},
   "source": [
    "### Find the covariance matrix"
   ]
  },
  {
   "cell_type": "code",
   "execution_count": 2,
   "id": "a43974b6",
   "metadata": {},
   "outputs": [
    {
     "name": "stdout",
     "output_type": "stream",
     "text": [
      "Shape after dropping NA: (89, 8)\n"
     ]
    }
   ],
   "source": [
    "import math\n",
    "\n",
    "# 1. Choose macro variables of interest\n",
    "macro_list = ['LFPR', 'CPI', 'r', 'M1', 'GDP Monthly', 'IM', 'EX', 'CC']\n",
    "\n",
    "# 2. Drop NA rows (remove any month with missing data)\n",
    "macro_df = df[macro_list].dropna()\n",
    "print(\"Shape after dropping NA:\", macro_df.shape)  # should be (months, 8)\n",
    "\n",
    "# 3. Transpose: rows = variables, columns = time (as in original SVD method)\n",
    "data = macro_df.T.values\n",
    "m, n = data.shape"
   ]
  },
  {
   "cell_type": "code",
   "execution_count": 3,
   "id": "324bb93c",
   "metadata": {},
   "outputs": [
    {
     "name": "stdout",
     "output_type": "stream",
     "text": [
      "Covariance matrix S:\n",
      " [[ 3.75628192e-01 -2.83117135e-01  5.67583504e-01 -2.47150777e+03\n",
      "   8.25849181e+01  4.41253966e+01  7.69463467e+01  3.98585674e+00]\n",
      " [-2.83117135e-01  5.96971116e+02  3.52758910e+01  1.33377702e+05\n",
      "   2.84334131e+04  1.09088701e+04  7.68249643e+03 -2.84613843e+02]\n",
      " [ 5.67583504e-01  3.52758910e+01  3.84198264e+00  2.48672924e+03\n",
      "   1.69574394e+03  6.13237990e+02  5.36828173e+02 -8.38992173e+00]\n",
      " [-2.47150777e+03  1.33377702e+05  2.48672924e+03  5.32386920e+07\n",
      "   6.33594524e+06  2.36110082e+06  1.28657326e+06 -9.62596285e+04]\n",
      " [ 8.25849181e+01  2.84334131e+04  1.69574394e+03  6.33594524e+06\n",
      "   1.49913905e+06  5.56907531e+05  3.93434515e+05 -1.20857009e+04]\n",
      " [ 4.41253966e+01  1.09088701e+04  6.13237990e+02  2.36110082e+06\n",
      "   5.56907531e+05  2.43564561e+05  1.71722589e+05 -5.04603754e+03]\n",
      " [ 7.69463467e+01  7.68249643e+03  5.36828173e+02  1.28657326e+06\n",
      "   3.93434515e+05  1.71722589e+05  1.29947849e+05 -3.04393506e+03]\n",
      " [ 3.98585674e+00 -2.84613843e+02 -8.38992173e+00 -9.62596285e+04\n",
      "  -1.20857009e+04 -5.04603754e+03 -3.04393506e+03  2.21668177e+02]]\n",
      "Correlation matrix:\n",
      " [[ 1.         -0.01890647  0.47246863 -0.55267421  0.1100527   0.14588226\n",
      "   0.34827666  0.43680834]\n",
      " [-0.01890647  1.          0.7365863   0.74815724  0.9504546   0.90468224\n",
      "   0.87225037 -0.78239792]\n",
      " [ 0.47246863  0.7365863   1.          0.17387499  0.70658045  0.63393438\n",
      "   0.7597541  -0.28749383]\n",
      " [-0.55267421  0.74815724  0.17387499  1.          0.70921313  0.65568281\n",
      "   0.4891435  -0.88609201]\n",
      " [ 0.1100527   0.9504546   0.70658045  0.70921313  1.          0.92162677\n",
      "   0.89138834 -0.66297814]\n",
      " [ 0.14588226  0.90468224  0.63393438  0.65568281  0.92162677  1.\n",
      "   0.96524115 -0.68673907]\n",
      " [ 0.34827666  0.87225037  0.7597541   0.4891435   0.89138834  0.96524115\n",
      "   1.         -0.5671516 ]\n",
      " [ 0.43680834 -0.78239792 -0.28749383 -0.88609201 -0.66297814 -0.68673907\n",
      "  -0.5671516   1.        ]]\n",
      "Eigenvalues of covariance matrix:\n",
      " [5.41444900e+07 9.20889457e+05 4.44864594e+04 2.22669571e+03\n",
      " 5.78564215e+01 1.54567104e+01 3.72097741e-02 3.24762161e-01]\n",
      "Total variance: 55112166.27528383\n",
      "Recentered data matrix B:\n",
      " [[ 7.17456343e-02  2.91054911e-02  2.91054911e-02  2.91054911e-02\n",
      "   2.91054911e-02  6.10855985e-02  5.04255627e-02  5.04255627e-02\n",
      "   5.04255627e-02  6.10855985e-02  6.10855985e-02  1.84454552e-02\n",
      "   3.97655269e-02  5.04255627e-02  5.04255627e-02  6.10855985e-02\n",
      "   7.17456343e-02  7.17456343e-02  6.10855985e-02  3.97655269e-02\n",
      "   5.04255627e-02  6.10855985e-02  7.17456343e-02  7.17456343e-02\n",
      "   8.24056701e-02  9.30657060e-02  9.30657060e-02  9.30657060e-02\n",
      "   9.30657060e-02  9.30657060e-02  1.84454552e-02 -2.48055440e-01\n",
      "  -1.73435189e-01 -9.88149388e-02 -9.88149388e-02 -7.74948671e-02\n",
      "  -1.09474975e-01 -7.74948671e-02 -9.88149388e-02 -9.88149388e-02\n",
      "  -1.09474975e-01 -1.09474975e-01 -9.88149388e-02 -8.81549029e-02\n",
      "  -8.81549029e-02 -7.74948671e-02 -6.68348313e-02 -7.74948671e-02\n",
      "  -7.74948671e-02 -6.68348313e-02 -5.61747955e-02 -4.55147597e-02\n",
      "  -2.41946880e-02 -2.41946880e-02 -1.35346522e-02 -2.41946880e-02\n",
      "  -1.35346522e-02 -2.41946880e-02 -3.48547239e-02 -1.35346522e-02\n",
      "  -1.35346522e-02 -2.41946880e-02 -3.48547239e-02 -1.35346522e-02\n",
      "  -2.87461640e-03  7.78541942e-03  1.84454552e-02  1.84454552e-02\n",
      "   1.84454552e-02  1.84454552e-02  1.84454552e-02  3.97655269e-02\n",
      "   2.91054911e-02  2.91054911e-02  3.97655269e-02  7.78541942e-03\n",
      "   7.78541942e-03  1.84454552e-02  2.91054911e-02  2.91054911e-02\n",
      "   1.84454552e-02  1.84454552e-02  2.91054911e-02  2.91054911e-02\n",
      "   2.91054911e-02  7.78541942e-03  7.78541942e-03  7.78541942e-03\n",
      "   1.84454552e-02]\n",
      " [-3.24417349e+00 -3.26080315e+00 -3.26016355e+00 -3.27562060e+00\n",
      "  -3.13245632e+00 -3.01263751e+00 -2.95262151e+00 -2.84687396e+00\n",
      "  -2.73579638e+00 -2.69304964e+00 -2.69123743e+00 -2.67631338e+00\n",
      "  -2.64507948e+00 -2.59753572e+00 -2.68782622e+00 -2.77363951e+00\n",
      "  -2.72257794e+00 -2.60915516e+00 -2.45714305e+00 -2.31365896e+00\n",
      "  -2.25566837e+00 -2.25023175e+00 -2.20460680e+00 -2.20599260e+00\n",
      "  -2.18456593e+00 -2.12199152e+00 -2.13670237e+00 -2.16164685e+00\n",
      "  -2.05536630e+00 -1.97999984e+00 -2.04001585e+00 -2.22400806e+00\n",
      "  -2.22347506e+00 -2.07391476e+00 -1.93490789e+00 -1.84781540e+00\n",
      "  -1.80922607e+00 -1.79771323e+00 -1.81466269e+00 -1.78854560e+00\n",
      "  -1.67043240e+00 -1.51778069e+00 -1.31918422e+00 -1.08711524e+00\n",
      "  -8.58883877e-01 -5.92276381e-01 -4.52949713e-01 -3.92827111e-01\n",
      "  -3.13623045e-01 -7.06808285e-02  7.41890583e-02  1.65225764e-01\n",
      "   4.15310204e-01  6.89059924e-01  1.09286208e+00  1.26395566e+00\n",
      "   1.60369100e+00  2.03169144e+00  2.02796042e+00  2.01676739e+00\n",
      "   2.08467181e+00  2.21301864e+00  2.18093194e+00  2.08349921e+00\n",
      "   2.33646186e+00  2.51448446e+00  2.62065841e+00  2.78343716e+00\n",
      "   2.86487984e+00  2.96956139e+00  3.03160280e+00  3.17391427e+00\n",
      "   3.25525035e+00  3.24267150e+00  3.17657928e+00  3.14406617e+00\n",
      "   3.32219537e+00  3.52569546e+00  3.73953577e+00  3.86916181e+00\n",
      "   3.92470060e+00  3.93600023e+00  3.97490936e+00  4.00219906e+00\n",
      "   4.05603224e+00  4.09472817e+00  4.07649951e+00  4.08843875e+00\n",
      "   4.30867509e+00]\n",
      " [-1.22530524e-01 -1.22530524e-01 -1.21464520e-01 -1.06540470e-01\n",
      "  -9.48144309e-02 -9.37484274e-02 -8.41543951e-02 -6.49663306e-02\n",
      "  -6.39003271e-02 -5.11082841e-02 -4.15142518e-02 -4.15142518e-02\n",
      "  -3.72502375e-02 -1.16661516e-02 -1.06001480e-02 -3.13812290e-03\n",
      "   1.07199237e-02  1.07199237e-02  1.17859272e-02  1.28519308e-02\n",
      "   9.65392008e-03  8.58791650e-03  1.07199237e-02 -1.80621730e-02\n",
      "  -2.76562053e-02 -5.00422805e-02 -7.98903808e-02 -7.98903808e-02\n",
      "  -7.98903808e-02 -7.66923700e-02 -1.75830703e-01 -2.39790918e-01\n",
      "  -2.39790918e-01 -2.36592907e-01 -2.35526904e-01 -2.34460900e-01\n",
      "  -2.35526904e-01 -2.35526904e-01 -2.35526904e-01 -2.35526904e-01\n",
      "  -2.35526904e-01 -2.36592907e-01 -2.37658911e-01 -2.37658911e-01\n",
      "  -2.38724914e-01 -2.36592907e-01 -2.34460900e-01 -2.35526904e-01\n",
      "  -2.36592907e-01 -2.36592907e-01 -2.36592907e-01 -2.36592907e-01\n",
      "  -2.36592907e-01 -2.36592907e-01 -2.23800864e-01 -2.09942818e-01\n",
      "  -1.63038660e-01 -1.16134503e-01 -6.60323342e-02  3.25789859e-03\n",
      "   2.77759810e-02  8.32081672e-02  1.57828418e-01  1.91940533e-01\n",
      "   2.16458615e-01  2.42042701e-01  2.50570730e-01  2.69758794e-01\n",
      "   2.94276876e-01  2.96408884e-01  3.00672898e-01  3.23058973e-01\n",
      "   3.23058973e-01  3.23058973e-01  3.23058973e-01  3.23058973e-01\n",
      "   3.23058973e-01  3.23058973e-01  3.23058973e-01  3.23058973e-01\n",
      "   3.23058973e-01  3.23058973e-01  3.23058973e-01  3.23058973e-01\n",
      "   3.01738901e-01  2.69758794e-01  2.49504726e-01  2.32448669e-01\n",
      "   2.16458615e-01]\n",
      " [-1.05112900e+03 -1.04266493e+03 -1.04558578e+03 -1.04101262e+03\n",
      "  -1.03643947e+03 -1.04765383e+03 -1.03832630e+03 -1.03054447e+03\n",
      "  -1.04079942e+03 -1.03941362e+03 -1.03366786e+03 -1.03735623e+03\n",
      "  -1.03590647e+03 -1.03068305e+03 -1.03742019e+03 -1.02143014e+03\n",
      "  -1.03052315e+03 -1.03246328e+03 -1.03082163e+03 -1.01826411e+03\n",
      "  -1.02710128e+03 -1.02025754e+03 -1.01517270e+03 -1.01937275e+03\n",
      "  -1.01195337e+03 -1.01246505e+03 -1.01055690e+03 -9.96123214e+02\n",
      "  -1.00582385e+03 -1.00690051e+03 -9.75591985e+02 -9.15917105e+02\n",
      "   2.88251201e+02  3.30454283e+02  3.57029752e+02  3.67849689e+02\n",
      "   3.97879010e+02  4.14103584e+02  4.48567480e+02  4.82263853e+02\n",
      "   4.97656945e+02  5.10555588e+02  5.57150605e+02  6.02935459e+02\n",
      "   6.10930486e+02  6.25620015e+02  6.42761352e+02  6.65072807e+02\n",
      "   6.85604036e+02  7.02734714e+02  7.27967019e+02  7.64520282e+02\n",
      "   7.63198437e+02  7.59797886e+02  7.88132261e+02  7.97086691e+02\n",
      "   7.62921276e+02  7.61791312e+02  7.56450634e+02  7.47816005e+02\n",
      "   7.32273673e+02  7.10740401e+02  6.98001658e+02  6.90251812e+02\n",
      "   6.59454969e+02  6.27847962e+02  6.05067466e+02  5.73609700e+02\n",
      "   5.38772703e+02  5.33805126e+02  5.23123771e+02  5.10800769e+02\n",
      "   5.01888979e+02  4.89928419e+02  4.87028889e+02  4.98094006e+02\n",
      "   4.88766475e+02  4.78213040e+02  4.96910742e+02  5.00375254e+02\n",
      "   4.80867389e+02  4.91292904e+02  4.88659875e+02  4.95748799e+02\n",
      "   5.03104223e+02  5.06856556e+02  5.25426338e+02  5.44102721e+02\n",
      "   5.41224511e+02]\n",
      " [-1.84463365e+02 -1.82940579e+02 -1.66442362e+02 -1.59716412e+02\n",
      "  -1.56573194e+02 -1.47193002e+02 -1.53609064e+02 -1.47870021e+02\n",
      "  -1.37616665e+02 -1.37858222e+02 -1.29474743e+02 -1.25954480e+02\n",
      "  -1.27721061e+02 -1.27195841e+02 -1.24839547e+02 -1.21930529e+02\n",
      "  -1.10081367e+02 -1.15286982e+02 -1.08055427e+02 -1.00805963e+02\n",
      "  -9.59471184e+01 -8.21006913e+01 -7.06834731e+01 -6.76379009e+01\n",
      "  -6.34485068e+01 -6.12495546e+01 -4.74864890e+01 -4.75605763e+01\n",
      "  -5.03448710e+01 -4.52626989e+01 -1.54090472e+02 -3.46009386e+02\n",
      "  -2.63620101e+02 -1.63332083e+02 -1.17377735e+02 -1.00526990e+02\n",
      "  -7.77172846e+01 -6.45787904e+01 -8.74130136e+01 -7.23212810e+01\n",
      "  -3.80896674e+01 -7.05022525e+01 -2.39958209e+01 -1.14502379e+01\n",
      "  -1.08137272e+01 -4.59636789e+00  7.21708380e+00  6.99610126e+00\n",
      "   1.72496699e+01  4.54360838e+01  4.60110861e+01  6.44267244e+01\n",
      "   4.43987557e+01  3.96837153e+01  5.37019822e+01  5.01837440e+01\n",
      "   4.90787247e+01  4.34289057e+01  4.96714226e+01  7.55375732e+01\n",
      "   6.46739307e+01  8.03258480e+01  8.34266393e+01  8.45454100e+01\n",
      "   1.00099681e+02  9.28708980e+01  1.04570074e+02  1.04186846e+02\n",
      "   1.16988696e+02  1.19874794e+02  1.29716139e+02  1.43939079e+02\n",
      "   1.44635606e+02  1.40470730e+02  1.55099710e+02  1.80163053e+02\n",
      "   1.58224806e+02  1.73006758e+02  1.74243429e+02  1.80169343e+02\n",
      "   1.89309790e+02  1.90476211e+02  2.05367855e+02  2.06637892e+02\n",
      "   2.04368370e+02  2.18950446e+02  2.25321630e+02  2.17533834e+02\n",
      "   2.21566845e+02]\n",
      " [-5.89795264e+01 -4.64026029e+01 -4.64026029e+01 -4.64026029e+01\n",
      "  -4.00817347e+01 -4.00817347e+01 -4.00817347e+01 -3.87283365e+01\n",
      "  -3.87283365e+01 -3.87283365e+01 -3.36379562e+01 -3.36379562e+01\n",
      "  -3.36379562e+01 -3.17324748e+01 -3.17324748e+01 -3.17324748e+01\n",
      "  -3.58987366e+01 -3.58987366e+01 -3.58987366e+01 -3.23946762e+01\n",
      "  -3.23946762e+01 -3.23946762e+01 -3.74537160e+01 -3.74537160e+01\n",
      "  -3.74537160e+01 -4.46095849e+01 -4.46095849e+01 -4.46095849e+01\n",
      "  -5.75151573e+01 -5.75151573e+01 -5.75151573e+01 -1.19218962e+02\n",
      "  -1.19218962e+02 -1.19218962e+02 -7.11895314e+01 -7.11895314e+01\n",
      "  -7.11895314e+01 -4.71280184e+01 -4.71280184e+01 -4.71280184e+01\n",
      "  -3.11610969e+01 -3.11610969e+01 -3.11610969e+01 -1.37711673e+01\n",
      "  -1.37711673e+01 -1.37711673e+01 -1.12100937e+00 -1.12100937e+00\n",
      "  -1.12100937e+00  2.30957138e+01  2.30957138e+01  2.30957138e+01\n",
      "   4.86569873e+01  4.86569873e+01  4.86569873e+01  6.65574260e+01\n",
      "   6.65574260e+01  6.65574260e+01  5.53413627e+01  5.53413627e+01\n",
      "   5.53413627e+01  4.56359331e+01  4.56359331e+01  4.56359331e+01\n",
      "   4.31636576e+01  4.31636576e+01  4.31636576e+01  3.51465645e+01\n",
      "   3.51465645e+01  3.51465645e+01  3.98507317e+01  3.98507317e+01\n",
      "   3.98507317e+01  4.40899081e+01  4.40899081e+01  4.40899081e+01\n",
      "   5.30539323e+01  5.30539323e+01  5.30539323e+01  6.30960058e+01\n",
      "   6.30960058e+01  6.30960058e+01  7.40527104e+01  7.40527104e+01\n",
      "   7.40527104e+01  7.16049530e+01  7.16049530e+01  7.16049530e+01\n",
      "   1.15076153e+02]\n",
      " [-1.91690537e+01 -2.51806743e+01 -2.51806743e+01 -2.51806743e+01\n",
      "  -2.11126980e+01 -2.11126980e+01 -2.11126980e+01 -1.63259155e+01\n",
      "  -1.63259155e+01 -1.63259155e+01 -1.91690537e+01 -1.91690537e+01\n",
      "  -1.91690537e+01 -1.89650206e+01 -1.89650206e+01 -1.89650206e+01\n",
      "  -1.86634482e+01 -1.86634482e+01 -1.86634482e+01 -1.78954992e+01\n",
      "  -1.78954992e+01 -1.78954992e+01 -1.94990884e+01 -1.94990884e+01\n",
      "  -1.94990884e+01 -1.89595840e+01 -1.89595840e+01 -1.89595840e+01\n",
      "  -3.18886084e+01 -3.18886084e+01 -3.18886084e+01 -9.60385720e+01\n",
      "  -9.60385720e+01 -9.60385720e+01 -6.50517666e+01 -6.50517666e+01\n",
      "  -6.50517666e+01 -4.75897752e+01 -4.75897752e+01 -4.75897752e+01\n",
      "  -3.56150371e+01 -3.56150371e+01 -3.56150371e+01 -2.24170600e+01\n",
      "  -2.24170600e+01 -2.24170600e+01 -1.54804681e+01 -1.54804681e+01\n",
      "  -1.54804681e+01  5.33399805e+00  5.33399805e+00  5.33399805e+00\n",
      "   1.42178587e+01  1.42178587e+01  1.42178587e+01  3.79740683e+01\n",
      "   3.79740683e+01  3.79740683e+01  4.12785728e+01  4.12785728e+01\n",
      "   4.12785728e+01  3.53268616e+01  3.53268616e+01  3.53268616e+01\n",
      "   3.68026370e+01  3.68026370e+01  3.68026370e+01  2.98695629e+01\n",
      "   2.98695629e+01  2.98695629e+01  3.69602989e+01  3.69602989e+01\n",
      "   3.69602989e+01  4.01270758e+01  4.01270758e+01  4.01270758e+01\n",
      "   4.37166296e+01  4.37166296e+01  4.37166296e+01  4.67973800e+01\n",
      "   4.67973800e+01  4.67973800e+01  5.38299122e+01  5.38299122e+01\n",
      "   5.38299122e+01  5.38978166e+01  5.38978166e+01  5.38978166e+01\n",
      "   6.03278436e+01]\n",
      " [ 1.67386517e+00  2.27082718e+00  2.03630639e+00  1.75914546e+00\n",
      "   1.73782539e+00  2.16422682e+00  2.34544743e+00  2.06828650e+00\n",
      "   1.98300621e+00  2.00432629e+00  1.97234618e+00  1.79112557e+00\n",
      "   2.20686697e+00  2.04696643e+00  1.92970603e+00  2.01498632e+00\n",
      "   1.25812378e+00  1.53528471e+00  2.02564636e+00  1.89772593e+00\n",
      "   2.19620693e+00  2.00432629e+00  2.02564636e+00  1.10888328e+00\n",
      "   1.47132449e+00  1.71650532e+00  1.85508578e+00  2.12158668e+00\n",
      "   2.17488686e+00  2.30280729e+00  1.03426303e+00 -8.09923171e-01\n",
      "  -7.56622992e-01 -1.38340914e-01 -7.35302920e-01 -5.64742347e-01\n",
      "   1.06839910e-01  2.56080411e-01 -2.66261344e-01  1.38820017e-01\n",
      "  -4.24005919e-02 -2.76921380e-01  5.86541521e-01  9.48982739e-01\n",
      "   3.73340805e-01  6.50501736e-01  1.92120196e-01 -9.69823708e-01\n",
      "  -7.03322813e-01 -8.20583207e-01 -1.27896475e+00 -9.37843601e-01\n",
      "  -1.30028482e+00 -1.76932639e+00 -2.13176761e+00 -1.51348553e+00\n",
      "  -2.23836797e+00 -3.13381098e+00 -2.97391044e+00 -2.25968804e+00\n",
      "  -2.21704790e+00 -2.07846743e+00 -2.41958858e+00 -2.08912747e+00\n",
      "  -1.54546564e+00 -1.33226493e+00 -1.85460668e+00 -1.67338607e+00\n",
      "  -2.17440776e+00 -1.62008589e+00 -8.41903278e-01 -1.06576403e+00\n",
      "  -1.23632460e+00 -1.66272604e+00 -1.92922693e+00 -1.03378392e+00\n",
      "  -4.24005919e-02 -2.66261344e-01  2.39551367e-04 -2.34281237e-01\n",
      "  -1.09774414e+00 -1.19368446e+00 -1.38556510e+00 -1.22566457e+00\n",
      "  -9.91143780e-01 -9.48503636e-01 -8.09923171e-01 -5.75402383e-01\n",
      "  -8.20583207e-01]]\n",
      "Transformed data (y = P^T x):\n",
      " [[ 6.06769830e+03  6.15201392e+03  6.14342130e+03  6.19352938e+03\n",
      "   6.24319778e+03  6.14944996e+03  6.22897925e+03  6.30949644e+03\n",
      "   6.22566292e+03  6.23828062e+03  6.30263649e+03  6.27229770e+03\n",
      "   6.28378689e+03  6.33381026e+03  6.27380216e+03  6.42579133e+03\n",
      "   6.35289147e+03  6.32898588e+03  6.35238901e+03  6.47899603e+03\n",
      "   6.40226944e+03  6.48150893e+03  6.53915834e+03  6.50353826e+03\n",
      "   6.57725331e+03  6.57208741e+03  6.60532259e+03  6.73947730e+03\n",
      "   6.63771752e+03  6.63342360e+03  6.80214475e+03  7.10045189e+03\n",
      "   1.83927716e+04  1.88981599e+04  1.92243885e+04  1.93439866e+04\n",
      "   1.96489426e+04  1.98287634e+04  2.01236088e+04  2.04539882e+04\n",
      "   2.06451589e+04  2.07286511e+04  2.12143514e+04  2.16646514e+04\n",
      "   2.17397421e+04  2.18833642e+04  2.20630110e+04  2.22702951e+04\n",
      "   2.24727877e+04  2.26788226e+04  2.29141586e+04  2.32748528e+04\n",
      "   2.32528115e+04  2.32158915e+04  2.34952142e+04  2.35875339e+04\n",
      "   2.32685487e+04  2.32517054e+04  2.32051122e+04  2.31539052e+04\n",
      "   2.29971244e+04  2.28090183e+04  2.26940344e+04  2.26232068e+04\n",
      "   2.23535820e+04  2.20514796e+04  2.18527846e+04  2.15548079e+04\n",
      "   2.12452193e+04  2.12022589e+04  2.11175934e+04  2.10189966e+04\n",
      "   2.09368996e+04  2.08234887e+04  2.08129894e+04  2.09440964e+04\n",
      "   2.08372316e+04  2.07557236e+04  2.09310175e+04  2.09748440e+04\n",
      "   2.08037113e+04  2.09019905e+04  2.09004911e+04  2.09678504e+04\n",
      "   2.10337038e+04  2.10840040e+04  2.12638839e+04  2.14288179e+04\n",
      "   2.14263315e+04]\n",
      " [-1.86630454e+04 -1.86892720e+04 -1.88287383e+04 -1.88785932e+04\n",
      "  -1.89310695e+04 -1.90219818e+04 -1.89578011e+04 -1.90136070e+04\n",
      "  -1.91105501e+04 -1.91068828e+04 -1.91775101e+04 -1.92109947e+04\n",
      "  -1.91946812e+04 -1.91994591e+04 -1.92270431e+04 -1.92315714e+04\n",
      "  -1.93275226e+04 -1.92870080e+04 -1.93446063e+04 -1.94026898e+04\n",
      "  -1.94534588e+04 -1.95592176e+04 -1.96260771e+04 -1.96562764e+04\n",
      "  -1.96817766e+04 -1.96787257e+04 -1.97897873e+04 -1.97716376e+04\n",
      "  -1.96818369e+04 -1.97250224e+04 -1.87904426e+04 -1.67541655e+04\n",
      "  -1.59701262e+04 -1.67450708e+04 -1.73356487e+04 -1.74613362e+04\n",
      "  -1.76127687e+04 -1.78291505e+04 -1.75991735e+04 -1.76825697e+04\n",
      "  -1.80318338e+04 -1.77491663e+04 -1.80757155e+04 -1.82175187e+04\n",
      "  -1.82130873e+04 -1.82464982e+04 -1.83838860e+04 -1.83549805e+04\n",
      "  -1.84145200e+04 -1.87638004e+04 -1.87379104e+04 -1.88452289e+04\n",
      "  -1.87903343e+04 -1.87556641e+04 -1.88367903e+04 -1.89225391e+04\n",
      "  -1.89549933e+04 -1.89098899e+04 -1.89406043e+04 -1.91641781e+04\n",
      "  -1.90935708e+04 -1.92002106e+04 -1.92412296e+04 -1.92598447e+04\n",
      "  -1.94215471e+04 -1.94004135e+04 -1.95244864e+04 -1.95138092e+04\n",
      "  -1.96616086e+04 -1.96914294e+04 -1.98208869e+04 -1.99530506e+04\n",
      "  -1.99696273e+04 -1.99726280e+04 -2.00966600e+04 -2.02896837e+04\n",
      "  -2.01596754e+04 -2.02943030e+04 -2.02818055e+04 -2.03678857e+04\n",
      "  -2.04668992e+04 -2.04638463e+04 -2.06453502e+04 -2.06472042e+04\n",
      "  -2.06195775e+04 -2.07273690e+04 -2.07572943e+04 -2.06704487e+04\n",
      "  -2.08670826e+04]\n",
      " [ 5.65875498e+03  5.60845654e+03  5.68009589e+03  5.70871559e+03\n",
      "   5.65938389e+03  5.70111932e+03  5.67247141e+03  5.66420166e+03\n",
      "   5.70955264e+03  5.70837430e+03  5.72334248e+03  5.73890913e+03\n",
      "   5.73117948e+03  5.71902597e+03  5.72986456e+03  5.74090631e+03\n",
      "   5.81972509e+03  5.79742482e+03  5.82861787e+03  5.83129186e+03\n",
      "   5.85321620e+03  5.91243512e+03  6.00336388e+03  6.01682698e+03\n",
      "   6.03427924e+03  6.08974312e+03  6.14912755e+03  6.14743645e+03\n",
      "   6.28625265e+03  6.30836328e+03  5.83425174e+03  5.72581402e+03\n",
      "   5.96491359e+03  6.39481654e+03  6.11585625e+03  6.18773406e+03\n",
      "   6.28359203e+03  6.09148485e+03  5.98925289e+03  6.05132253e+03\n",
      "   6.03187253e+03  5.89033321e+03  6.08713188e+03  5.95540432e+03\n",
      "   5.95729562e+03  5.98279664e+03  5.91295539e+03  5.90966528e+03\n",
      "   5.95206409e+03  5.80768356e+03  5.80764604e+03  5.88380918e+03\n",
      "   5.58112925e+03  5.56098921e+03  5.61882403e+03  5.36672867e+03\n",
      "   5.36517240e+03  5.34070529e+03  5.42826762e+03  5.54112745e+03\n",
      "   5.49564106e+03  5.65999323e+03  5.67460721e+03  5.68025087e+03\n",
      "   5.76023812e+03  5.73206611e+03  5.78483518e+03  5.87408288e+03\n",
      "   5.93280218e+03  5.94584695e+03  5.92343714e+03  5.98614641e+03\n",
      "   5.99000406e+03  5.92906904e+03  5.99261552e+03  6.10010566e+03\n",
      "   5.92814709e+03  5.99310104e+03  5.99666008e+03  5.93901154e+03\n",
      "   5.98034515e+03  5.98436247e+03  5.94081471e+03  5.94563992e+03\n",
      "   5.93513310e+03  6.01412069e+03  6.03989684e+03  6.00441024e+03\n",
      "   5.69654254e+03]\n",
      " [ 4.15874453e+02  5.31097460e+02  5.37241873e+02  5.39064676e+02\n",
      "   5.44446035e+02  5.49116679e+02  5.45849180e+02  5.18590263e+02\n",
      "   5.23280103e+02  5.23028507e+02  5.75164760e+02  5.76747544e+02\n",
      "   5.76099981e+02  5.84756843e+02  5.86328425e+02  5.85732117e+02\n",
      "   5.65099201e+02  5.63485851e+02  5.66013003e+02  5.80967121e+02\n",
      "   5.83744130e+02  5.87902158e+02  5.75186466e+02  5.76383279e+02\n",
      "   5.77218845e+02  5.34093308e+02  5.38892535e+02  5.37431282e+02\n",
      "   5.62234051e+02  5.64182631e+02  5.21321110e+02  5.81484360e+02\n",
      "   4.81759723e+02  5.13377553e+02  5.62840208e+02  5.67745069e+02\n",
      "   5.72944480e+02  5.79536107e+02  5.67448893e+02  5.69388297e+02\n",
      "   5.79354688e+02  5.66166583e+02  5.78080436e+02  5.75931055e+02\n",
      "   5.74960146e+02  5.75579576e+02  5.96425297e+02  5.93473034e+02\n",
      "   5.95008849e+02  5.82417244e+02  5.79661749e+02  5.82428430e+02\n",
      "   6.51362315e+02  6.49711282e+02  6.51346296e+02  5.71223743e+02\n",
      "   5.74033238e+02  5.71552458e+02  4.86974038e+02  4.97455413e+02\n",
      "   4.95203087e+02  4.93488887e+02  4.95846655e+02  4.97253867e+02\n",
      "   4.81337258e+02  4.82121768e+02  4.88509471e+02  4.98899941e+02\n",
      "   5.06997472e+02  5.08723955e+02  4.86804342e+02  4.93068365e+02\n",
      "   4.94167293e+02  4.93751675e+02  4.99245772e+02  5.07413683e+02\n",
      "   5.24014642e+02  5.30260005e+02  5.28685409e+02  5.63306893e+02\n",
      "   5.68322053e+02  5.67578362e+02  5.81624973e+02  5.81366479e+02\n",
      "   5.79826333e+02  5.70469277e+02  5.70826979e+02  5.66112132e+02\n",
      "   7.62391746e+02]\n",
      " [ 2.66803572e+01  2.35371612e+01  2.24979079e+01  2.11948952e+01\n",
      "   2.10075642e+01  2.27901769e+01  2.34993367e+01  2.39554937e+01\n",
      "   2.27084004e+01  2.25558447e+01  1.95653932e+01  1.83610951e+01\n",
      "   2.06700337e+01  1.90773332e+01  1.89086734e+01  2.04777690e+01\n",
      "   1.69341995e+01  1.76406719e+01  1.98133625e+01  1.80170174e+01\n",
      "   1.93772353e+01  1.87143386e+01  1.93655673e+01  1.37698504e+01\n",
      "   1.61332690e+01  1.95551689e+01  2.09601628e+01  2.30934838e+01\n",
      "   1.79659186e+01  1.83362518e+01  8.66229582e+00 -2.79267001e+01\n",
      "   2.07242342e+00  8.61847573e+00  1.17586550e+01  1.29157732e+01\n",
      "   1.80825220e+01  2.37921188e+01  2.08435156e+01  2.43335830e+01\n",
      "   2.66910001e+01  2.35522692e+01  2.98212327e+01  3.51434833e+01\n",
      "   3.02103069e+01  3.05393664e+01  2.82677430e+01  2.12274165e+01\n",
      "   2.30592772e+01  2.79694144e+01  2.47318424e+01  2.75334299e+01\n",
      "   2.14029379e+01  1.63906918e+01  1.23606139e+01  2.47257099e+01\n",
      "   1.70583313e+01  8.34240820e+00  1.44802215e+01  1.94314585e+01\n",
      "   1.85377748e+01  1.74068701e+01  1.52950343e+01  1.78428057e+01\n",
      "   2.07045558e+01  1.98189916e+01  1.56833150e+01  1.28478489e+01\n",
      "   8.76336315e+00  1.13885708e+01  1.88194017e+01  1.65588779e+01\n",
      "   1.47574248e+01  1.26283097e+01  1.18128048e+01  1.84844371e+01\n",
      "   2.22131638e+01  1.95900912e+01  2.01764821e+01  1.72121077e+01\n",
      "   1.13481746e+01  1.09507158e+01  1.11822923e+01  1.21662433e+01\n",
      "   1.33389641e+01  1.45571419e+01  1.61491841e+01  1.77146350e+01\n",
      "   6.74649957e+00]\n",
      " [ 7.21928813e+00  1.23310784e+01  8.76548256e+00  5.99161496e+00\n",
      "   6.72154528e+00  9.29911312e+00  1.17726612e+01  9.82747365e+00\n",
      "   8.63971526e+00  9.09884290e+00  8.43107610e+00  6.81236121e+00\n",
      "   1.01630626e+01  9.45112335e+00  7.74403337e+00  7.63882569e+00\n",
      "   8.58517257e-01  4.09006058e+00  7.68354477e+00  7.16013036e+00\n",
      "   8.99244624e+00  6.14207959e+00  5.00540440e+00 -1.91129518e+00\n",
      "   3.65291155e-01  1.68725080e+00  1.00195222e+00  2.87442561e+00\n",
      "   3.62158471e+00  4.40026066e+00  7.66257153e+00  1.35225570e+01\n",
      "   1.50122924e+01  9.22001449e+00  3.24873392e+00  3.15605241e+00\n",
      "   5.81868661e+00  6.73812555e+00  5.84227288e+00  7.44599845e+00\n",
      "   3.86564892e+00  6.94025465e+00  9.36837437e+00  1.31327498e+01\n",
      "   1.04352445e+01  1.34397727e+01  1.05150272e+01  2.86379590e+00\n",
      "   4.24367917e+00  2.88398450e+00  6.67321466e-01  1.85570735e+00\n",
      "   4.60031084e+00  3.44713815e+00  1.98914556e+00  8.43392724e+00\n",
      "   5.22432838e+00  2.15381751e+00  1.65888427e+00  3.68211207e+00\n",
      "   5.52129588e+00  4.85959281e+00  1.84580324e+00  3.42513404e+00\n",
      "   6.57281780e+00  9.73429276e+00  5.14744389e+00  6.85629910e+00\n",
      "   2.05483805e+00  6.25060561e+00  1.10452163e+01  8.60714171e+00\n",
      "   7.73729194e+00  5.20890906e+00  1.22109388e+00  4.61674573e+00\n",
      "   1.56701866e+01  1.35393243e+01  1.67488976e+01  1.58403480e+01\n",
      "   8.84502736e+00  8.19154079e+00  5.89791611e+00  7.11461018e+00\n",
      "   9.40996124e+00  8.12022375e+00  8.41044306e+00  1.11831253e+01\n",
      "   1.31446785e+01]\n",
      " [-2.65691912e+01 -2.57064096e+01 -2.56605537e+01 -2.54449823e+01\n",
      "  -2.53906169e+01 -2.56034214e+01 -2.56051083e+01 -2.56788473e+01\n",
      "  -2.57805250e+01 -2.57040269e+01 -2.51868599e+01 -2.51836483e+01\n",
      "  -2.52574274e+01 -2.49385246e+01 -2.48192932e+01 -2.46644591e+01\n",
      "  -2.46616992e+01 -2.48362468e+01 -2.50974000e+01 -2.50729130e+01\n",
      "  -2.52363012e+01 -2.52092083e+01 -2.54033839e+01 -2.54727876e+01\n",
      "  -2.56565576e+01 -2.63753823e+01 -2.66780543e+01 -2.66978852e+01\n",
      "  -2.67265522e+01 -2.68066144e+01 -2.73004298e+01 -2.65858033e+01\n",
      "  -2.54636553e+01 -2.57318759e+01 -2.51089351e+01 -2.52199174e+01\n",
      "  -2.54183448e+01 -2.52425302e+01 -2.50659700e+01 -2.51613580e+01\n",
      "  -2.51438498e+01 -2.52190318e+01 -2.56089608e+01 -2.57728954e+01\n",
      "  -2.58791667e+01 -2.61779930e+01 -2.59486994e+01 -2.57434419e+01\n",
      "  -2.58808944e+01 -2.60863764e+01 -2.61034911e+01 -2.62464056e+01\n",
      "  -2.56192034e+01 -2.57923730e+01 -2.59816836e+01 -2.66312419e+01\n",
      "  -2.64063399e+01 -2.62052790e+01 -2.65448694e+01 -2.60672635e+01\n",
      "  -2.59239743e+01 -2.57510204e+01 -2.49661988e+01 -2.46235968e+01\n",
      "  -2.50218339e+01 -2.50327519e+01 -2.49721923e+01 -2.50320163e+01\n",
      "  -2.48186222e+01 -2.50352121e+01 -2.54235402e+01 -2.53247536e+01\n",
      "  -2.53824746e+01 -2.52528077e+01 -2.51367050e+01 -2.53229873e+01\n",
      "  -2.54708094e+01 -2.56452592e+01 -2.59003095e+01 -2.56512628e+01\n",
      "  -2.55456239e+01 -2.55265292e+01 -2.53874394e+01 -2.54447495e+01\n",
      "  -2.57411981e+01 -2.62312383e+01 -2.64190761e+01 -2.66180430e+01\n",
      "  -2.51091370e+01]\n",
      " [-5.71781208e+01 -5.70741674e+01 -5.69607870e+01 -5.68930395e+01\n",
      "  -5.68882023e+01 -5.71996062e+01 -5.71704179e+01 -5.70541210e+01\n",
      "  -5.70141197e+01 -5.71256745e+01 -5.71878523e+01 -5.67547365e+01\n",
      "  -5.70090664e+01 -5.71142381e+01 -5.70611667e+01 -5.71366150e+01\n",
      "  -5.70611445e+01 -5.71444204e+01 -5.70909777e+01 -5.69056780e+01\n",
      "  -5.70166654e+01 -5.70298678e+01 -5.70687003e+01 -5.69776725e+01\n",
      "  -5.71005021e+01 -5.71531082e+01 -5.70969316e+01 -5.71232666e+01\n",
      "  -5.73144335e+01 -5.73169540e+01 -5.71405357e+01 -5.63007011e+01\n",
      "  -5.73315457e+01 -5.76022125e+01 -5.71651700e+01 -5.73182578e+01\n",
      "  -5.69830661e+01 -5.71024456e+01 -5.69996081e+01 -5.69815103e+01\n",
      "  -5.66225848e+01 -5.68310088e+01 -5.68372763e+01 -5.68844836e+01\n",
      "  -5.68990939e+01 -5.70720849e+01 -5.70923118e+01 -5.69226167e+01\n",
      "  -5.69254428e+01 -5.67341531e+01 -5.68469888e+01 -5.69247493e+01\n",
      "  -5.73326866e+01 -5.73909982e+01 -5.75080443e+01 -5.72019855e+01\n",
      "  -5.73004120e+01 -5.72548629e+01 -5.69337186e+01 -5.70224235e+01\n",
      "  -5.70863987e+01 -5.69471097e+01 -5.67578399e+01 -5.69370835e+01\n",
      "  -5.69860817e+01 -5.71648405e+01 -5.71662479e+01 -5.72713272e+01\n",
      "  -5.71486239e+01 -5.72068038e+01 -5.71259312e+01 -5.72518342e+01\n",
      "  -5.71498857e+01 -5.70982151e+01 -5.70740148e+01 -5.67138238e+01\n",
      "  -5.69767363e+01 -5.70253447e+01 -5.72134151e+01 -5.72312691e+01\n",
      "  -5.70077920e+01 -5.70028052e+01 -5.69710875e+01 -5.69903823e+01\n",
      "  -5.70504156e+01 -5.67728665e+01 -5.67638697e+01 -5.68484751e+01\n",
      "  -5.72579389e+01]]\n",
      "The first principle component is \n",
      " [-4.50021957e-05  2.51787532e-03  5.00459374e-05  9.91456216e-01\n",
      "  1.19982444e-01  4.47490214e-02  2.46321729e-02 -1.79499665e-03] \n",
      "\n",
      "The second principle component is \n",
      " [-4.68151925e-04 -1.50030501e-02 -1.67531410e-03  1.29494316e-01\n",
      " -8.78197696e-01 -3.47421180e-01 -3.01777457e-01  8.95582053e-04] \n",
      "\n",
      "The covariance matrix, D, of the transformed data is the diagonal matrix of the eigenvalues, which is \n",
      " [[5.4144490e+07 0.0000000e+00 0.0000000e+00 0.0000000e+00 0.0000000e+00\n",
      "  0.0000000e+00 0.0000000e+00 0.0000000e+00]\n",
      " [0.0000000e+00 9.2088946e+05 0.0000000e+00 0.0000000e+00 0.0000000e+00\n",
      "  0.0000000e+00 0.0000000e+00 0.0000000e+00]\n",
      " [0.0000000e+00 0.0000000e+00 4.4486460e+04 0.0000000e+00 0.0000000e+00\n",
      "  0.0000000e+00 0.0000000e+00 0.0000000e+00]\n",
      " [0.0000000e+00 0.0000000e+00 0.0000000e+00 2.2267000e+03 0.0000000e+00\n",
      "  0.0000000e+00 0.0000000e+00 0.0000000e+00]\n",
      " [0.0000000e+00 0.0000000e+00 0.0000000e+00 0.0000000e+00 5.7860000e+01\n",
      "  0.0000000e+00 0.0000000e+00 0.0000000e+00]\n",
      " [0.0000000e+00 0.0000000e+00 0.0000000e+00 0.0000000e+00 0.0000000e+00\n",
      "  1.5460000e+01 0.0000000e+00 0.0000000e+00]\n",
      " [0.0000000e+00 0.0000000e+00 0.0000000e+00 0.0000000e+00 0.0000000e+00\n",
      "  0.0000000e+00 4.0000000e-02 0.0000000e+00]\n",
      " [0.0000000e+00 0.0000000e+00 0.0000000e+00 0.0000000e+00 0.0000000e+00\n",
      "  0.0000000e+00 0.0000000e+00 3.2000000e-01]] \n",
      "\n",
      "The total variance is \n",
      " 55112166.27528383 \n",
      "\n"
     ]
    }
   ],
   "source": [
    "# 4. Covariance matrix\n",
    "S = np.cov(data)\n",
    "print(\"Covariance matrix S:\\n\", S)\n",
    "\n",
    "# 5. Correlation matrix\n",
    "print(\"Correlation matrix:\\n\", np.corrcoef(data))\n",
    "\n",
    "# 6. Eigenvalues (for total variance)\n",
    "eigvals = np.linalg.eigvals(S)\n",
    "print(\"Eigenvalues of covariance matrix:\\n\", eigvals)\n",
    "print(\"Total variance:\", np.sum(eigvals))\n",
    "\n",
    "# 7. Recentered data matrix B\n",
    "recentered_data = (data - data.mean(axis=1).reshape(-1, 1)) / math.sqrt(n - 1)\n",
    "print(\"Recentered data matrix B:\\n\", recentered_data)\n",
    "\n",
    "# 8. SVD of transposed recentered data\n",
    "u, s, Pt = np.linalg.svd(recentered_data.T)\n",
    "P = Pt.T  # P contains eigenvectors (principal directions)\n",
    "\n",
    "# 9. Transform data: PC scores\n",
    "transformed_data = Pt @ data\n",
    "print(\"Transformed data (y = P^T x):\\n\", transformed_data)\n",
    "\n",
    "# get the principle components, which are the columns of P\n",
    "print('The first principle component is \\n', P[:,0], '\\n')\n",
    "print('The second principle component is \\n', P[:,1], '\\n')\n",
    "\n",
    "# getting the covariance matrix of the transformed data\n",
    "D = np.matrix.round(np.diag(eigvals), decimals=2)\n",
    "print('The covariance matrix, D, of the transformed data is the diagonal matrix of the eigenvalues, which is \\n', D, '\\n')\n",
    "\n",
    "# get the total variance of the transformed data\n",
    "print('The total variance is \\n', np.sum(eigvals), '\\n')\n",
    "\n",
    "# calculate the % of total variance --> this is wrong\n",
    "#var_list = [ eigvals[0], eigvals[1], eigvals[2], eigvals[3], eigvals[4] ]/np.sum(eigvals)*100\n",
    "#print('The percentage of total variance covered by deuterium, CO2, CH4, dust, and calcium, respectively, are \\n', var_list)"
   ]
  },
  {
   "cell_type": "markdown",
   "id": "f2ae7f4d",
   "metadata": {},
   "source": [
    "### Rank-1 approximation"
   ]
  },
  {
   "cell_type": "code",
   "execution_count": 4,
   "id": "b099ce1d",
   "metadata": {},
   "outputs": [
    {
     "name": "stdout",
     "output_type": "stream",
     "text": [
      "Correlation between original and rank-1 approx for LFPR: 0.5403\n",
      "Correlation between original and rank-1 approx for CPI: 0.7583\n",
      "Correlation between original and rank-1 approx for r: 0.1879\n",
      "Correlation between original and rank-1 approx for M1: 0.9999\n",
      "Correlation between original and rank-1 approx for GDP Monthly: 0.7211\n",
      "Correlation between original and rank-1 approx for IM: 0.6672\n",
      "Correlation between original and rank-1 approx for EX: 0.5028\n",
      "Correlation between original and rank-1 approx for CC: 0.8871\n"
     ]
    }
   ],
   "source": [
    "# 10. Rank-1 approximation\n",
    "k = 1\n",
    "P_trunc = P[:, :k]                    # first k eigenvectors\n",
    "transformed_trunc = transformed_data[:k, :]  # first k PC scores\n",
    "approx1 = P_trunc @ transformed_trunc\n",
    "\n",
    "# 11. Evaluate: correlation between original and approx1 for each macro\n",
    "for i, macro in enumerate(macro_list):\n",
    "    corr = np.corrcoef(approx1[i], data[i])[0, 1]\n",
    "    print(f\"Correlation between original and rank-1 approx for {macro}: {corr:.4f}\")"
   ]
  },
  {
   "cell_type": "markdown",
   "id": "fe79a1d2",
   "metadata": {},
   "source": [
    "### Rank-2 approximation"
   ]
  },
  {
   "cell_type": "code",
   "execution_count": 5,
   "id": "c78a48ae",
   "metadata": {},
   "outputs": [
    {
     "name": "stdout",
     "output_type": "stream",
     "text": [
      "Correlation between original and rank-1 approx for LFPR: 0.9106\n",
      "Correlation between original and rank-1 approx for CPI: 0.9603\n",
      "Correlation between original and rank-1 approx for r: 0.8414\n",
      "Correlation between original and rank-1 approx for M1: 1.0000\n",
      "Correlation between original and rank-1 approx for GDP Monthly: 0.9968\n",
      "Correlation between original and rank-1 approx for IM: 0.9495\n",
      "Correlation between original and rank-1 approx for EX: 0.9477\n",
      "Correlation between original and rank-1 approx for CC: 0.8890\n"
     ]
    }
   ],
   "source": [
    "# 10. Rank-1 approximation\n",
    "k = 2\n",
    "P_trunc = P[:, :k]                    # first k eigenvectors\n",
    "transformed_trunc = transformed_data[:k, :]  # first k PC scores\n",
    "approx1 = P_trunc @ transformed_trunc\n",
    "\n",
    "# 11. Evaluate: correlation between original and approx1 for each macro\n",
    "for i, macro in enumerate(macro_list):\n",
    "    corr = np.corrcoef(approx1[i], data[i])[0, 1]\n",
